id1,id2,Freq
1,1,1
1,2,1
2,2,1
3,3,1
3,4,1
4,4,1
4,5,1
5,5,1
5,6,1
5,13,1
6,6,1
6,7,1
6,13,1
7,7,1
7,13,1
8,8,1
8,9,1
8,14,1
8,15,1
9,9,1
9,10,1
9,14,1
9,15,1
9,16,1
10,10,1
10,11,1
10,15,1
10,16,1
10,17,1
11,11,1
11,16,1
11,17,1
12,12,1
12,18,1
12,19,1
13,13,1
14,14,1
14,15,1
14,23,1
15,15,1
15,16,1
15,23,1
15,24,1
16,16,1
16,17,1
16,23,1
16,24,1
16,25,1
17,17,1
17,24,1
17,25,1
18,18,1
18,19,1
18,26,1
18,27,1
19,19,1
19,26,1
19,27,1
20,20,1
20,21,1
21,21,1
22,22,1
22,31,1
22,32,1
23,23,1
23,24,1
23,33,1
23,34,1
23,35,1
24,24,1
24,25,1
24,34,1
24,35,1
24,36,1
25,25,1
25,35,1
25,36,1
25,37,1
26,26,1
26,27,1
26,38,1
27,27,1
27,38,1
28,28,1
28,29,1
28,39,1
29,29,1
30,30,1
30,42,1
30,43,1
30,44,1
31,31,1
31,32,1
31,45,1
31,46,1
31,47,1
32,32,1
32,33,1
32,46,1
32,47,1
32,48,1
33,33,1
33,34,1
33,47,1
33,48,1
33,49,1
34,34,1
34,35,1
34,48,1
34,49,1
34,50,1
35,35,1
35,36,1
35,49,1
35,50,1
35,51,1
36,36,1
36,37,1
36,50,1
36,51,1
36,52,1
37,37,1
37,51,1
37,52,1
37,53,1
38,38,1
38,53,1
38,54,1
38,55,1
39,39,1
40,40,1
40,56,1
40,57,1
40,58,1
41,41,1
41,42,1
41,59,1
41,60,1
41,61,1
42,42,1
42,43,1
42,60,1
42,61,1
42,62,1
43,43,1
43,44,1
43,61,1
43,62,1
43,63,1
44,44,1
44,45,1
44,62,1
44,63,1
44,64,1
45,45,1
45,46,1
45,63,1
45,64,1
45,65,1
46,46,1
46,47,1
46,64,1
46,65,1
46,66,1
47,47,1
47,48,1
47,65,1
47,66,1
47,67,1
48,48,1
48,49,1
48,66,1
48,67,1
48,68,1
49,49,1
49,50,1
49,67,1
49,68,1
49,69,1
50,50,1
50,51,1
50,68,1
50,69,1
50,70,1
51,51,1
51,52,1
51,69,1
51,70,1
51,71,1
52,52,1
52,53,1
52,70,1
52,71,1
53,53,1
53,54,1
53,71,1
53,72,1
54,54,1
54,55,1
54,72,1
54,73,1
55,55,1
55,72,1
55,73,1
56,56,1
56,57,1
56,74,1
56,75,1
57,57,1
57,58,1
57,75,1
58,58,1
58,59,1
59,59,1
59,60,1
60,60,1
60,61,1
60,76,1
61,61,1
61,62,1
61,76,1
62,62,1
62,63,1
62,76,1
62,77,1
63,63,1
63,64,1
63,77,1
63,78,1
64,64,1
64,65,1
64,77,1
64,78,1
64,79,1
65,65,1
65,66,1
65,78,1
65,79,1
65,80,1
66,66,1
66,67,1
66,79,1
66,80,1
66,81,1
67,67,1
67,68,1
67,80,1
67,81,1
67,82,1
68,68,1
68,69,1
68,81,1
68,82,1
68,83,1
69,69,1
69,70,1
69,82,1
69,83,1
69,84,1
70,70,1
70,71,1
70,83,1
70,84,1
70,85,1
71,71,1
71,84,1
71,85,1
72,72,1
72,73,1
72,86,1
73,73,1
73,86,1
73,87,1
74,74,1
74,75,1
74,88,1
74,89,1
75,75,1
75,88,1
75,89,1
76,76,1
77,77,1
77,78,1
78,78,1
78,79,1
79,79,1
79,80,1
80,80,1
80,81,1
80,90,1
81,81,1
81,82,1
81,90,1
81,91,1
82,82,1
82,83,1
82,90,1
82,91,1
82,92,1
83,83,1
83,84,1
83,91,1
83,92,1
83,93,1
84,84,1
84,85,1
84,92,1
84,93,1
84,94,1
85,85,1
85,93,1
85,94,1
85,95,1
86,86,1
86,87,1
86,96,1
87,87,1
88,88,1
88,89,1
88,97,1
88,98,1
89,89,1
89,97,1
89,98,1
90,90,1
90,91,1
90,99,1
90,100,1
91,91,1
91,92,1
91,99,1
91,100,1
91,101,1
92,92,1
92,93,1
92,100,1
92,101,1
92,102,1
93,93,1
93,94,1
93,101,1
93,102,1
93,103,1
94,94,1
94,95,1
94,102,1
94,103,1
94,104,1
95,95,1
95,96,1
95,103,1
95,104,1
96,96,1
96,104,1
97,97,1
97,98,1
97,105,1
98,98,1
98,105,1
99,99,1
99,100,1
99,106,1
99,107,1
99,108,1
100,100,1
100,101,1
100,107,1
100,108,1
100,109,1
101,101,1
101,102,1
101,108,1
101,109,1
101,110,1
102,102,1
102,103,1
102,109,1
102,110,1
102,111,1
103,103,1
103,104,1
103,110,1
103,111,1
103,112,1
104,104,1
104,111,1
104,112,1
105,105,1
105,113,1
106,106,1
106,107,1
106,114,1
106,115,1
107,107,1
107,108,1
107,114,1
107,115,1
107,116,1
108,108,1
108,109,1
108,115,1
108,116,1
108,117,1
109,109,1
109,110,1
109,116,1
109,117,1
109,118,1
110,110,1
110,111,1
110,117,1
110,118,1
110,119,1
111,111,1
111,112,1
111,118,1
111,119,1
111,120,1
112,112,1
112,119,1
112,120,1
113,113,1
113,122,1
114,114,1
114,115,1
114,123,1
114,124,1
114,125,1
115,115,1
115,116,1
115,124,1
115,125,1
115,126,1
116,116,1
116,117,1
116,125,1
116,126,1
116,127,1
117,117,1
117,118,1
117,126,1
117,127,1
117,128,1
118,118,1
118,119,1
118,127,1
118,128,1
118,129,1
119,119,1
119,120,1
119,128,1
119,129,1
119,130,1
120,120,1
120,129,1
120,130,1
120,131,1
121,121,1
122,122,1
122,133,1
123,123,1
123,124,1
123,134,1
123,135,1
124,124,1
124,125,1
124,134,1
124,135,1
124,136,1
125,125,1
125,126,1
125,135,1
125,136,1
125,137,1
126,126,1
126,127,1
126,136,1
126,137,1
126,138,1
127,127,1
127,128,1
127,137,1
127,138,1
127,139,1
128,128,1
128,129,1
128,138,1
128,139,1
128,140,1
129,129,1
129,130,1
129,139,1
129,140,1
129,141,1
130,130,1
130,131,1
130,140,1
130,141,1
130,142,1
131,131,1
131,132,1
131,141,1
131,142,1
132,132,1
132,142,1
133,133,1
134,134,1
134,135,1
134,143,1
134,144,1
135,135,1
135,136,1
135,143,1
135,144,1
135,145,1
136,136,1
136,137,1
136,144,1
136,145,1
136,146,1
137,137,1
137,138,1
137,145,1
137,146,1
137,147,1
138,138,1
138,139,1
138,146,1
138,147,1
138,148,1
139,139,1
139,140,1
139,147,1
139,148,1
139,149,1
140,140,1
140,141,1
140,148,1
140,149,1
140,150,1
141,141,1
141,142,1
141,149,1
141,150,1
141,151,1
142,142,1
142,150,1
142,151,1
143,143,1
143,144,1
143,155,1
143,156,1
144,144,1
144,145,1
144,155,1
144,156,1
144,157,1
145,145,1
145,146,1
145,156,1
145,157,1
145,158,1
146,146,1
146,147,1
146,157,1
146,158,1
146,159,1
147,147,1
147,148,1
147,158,1
147,159,1
147,160,1
148,148,1
148,149,1
148,159,1
148,160,1
148,161,1
149,149,1
149,150,1
149,160,1
149,161,1
149,162,1
150,150,1
150,151,1
150,161,1
150,162,1
150,163,1
151,151,1
151,162,1
151,163,1
151,164,1
152,152,1
153,153,1
153,154,1
154,154,1
155,155,1
155,156,1
155,165,1
155,166,1
156,156,1
156,157,1
156,165,1
156,166,1
156,167,1
157,157,1
157,158,1
157,166,1
157,167,1
157,168,1
158,158,1
158,159,1
158,167,1
158,168,1
158,169,1
159,159,1
159,160,1
159,168,1
159,169,1
159,170,1
160,160,1
160,161,1
160,169,1
160,170,1
160,171,1
161,161,1
161,162,1
161,170,1
161,171,1
161,172,1
162,162,1
162,163,1
162,171,1
162,172,1
162,173,1
163,163,1
163,164,1
163,172,1
163,173,1
163,174,1
164,164,1
164,173,1
164,174,1
164,175,1
165,165,1
165,166,1
165,176,1
166,166,1
166,167,1
166,176,1
166,177,1
167,167,1
167,168,1
167,176,1
167,177,1
167,178,1
168,168,1
168,169,1
168,177,1
168,178,1
168,179,1
169,169,1
169,170,1
169,178,1
169,179,1
169,180,1
170,170,1
170,171,1
170,179,1
170,180,1
170,181,1
171,171,1
171,172,1
171,180,1
171,181,1
171,182,1
172,172,1
172,173,1
172,181,1
172,182,1
172,183,1
173,173,1
173,174,1
173,182,1
173,183,1
173,184,1
174,174,1
174,175,1
174,183,1
174,184,1
174,185,1
175,175,1
175,184,1
175,185,1
175,186,1
176,176,1
176,177,1
176,190,1
177,177,1
177,178,1
177,190,1
177,191,1
178,178,1
178,179,1
178,190,1
178,191,1
178,192,1
179,179,1
179,180,1
179,191,1
179,192,1
179,193,1
180,180,1
180,181,1
180,192,1
180,193,1
180,194,1
181,181,1
181,182,1
181,193,1
181,194,1
181,195,1
182,182,1
182,183,1
182,194,1
182,195,1
182,196,1
183,183,1
183,184,1
183,195,1
183,196,1
183,197,1
184,184,1
184,185,1
184,196,1
184,197,1
184,198,1
185,185,1
185,186,1
185,197,1
185,198,1
185,199,1
186,186,1
186,198,1
186,199,1
186,200,1
187,187,1
188,188,1
189,189,1
189,201,1
190,190,1
190,191,1
190,202,1
190,203,1
191,191,1
191,192,1
191,202,1
191,203,1
191,204,1
192,192,1
192,193,1
192,203,1
192,204,1
192,205,1
193,193,1
193,194,1
193,204,1
193,205,1
193,206,1
194,194,1
194,195,1
194,205,1
194,206,1
194,207,1
195,195,1
195,196,1
195,206,1
195,207,1
195,208,1
196,196,1
196,197,1
196,207,1
196,208,1
196,209,1
197,197,1
197,198,1
197,208,1
197,209,1
197,210,1
198,198,1
198,199,1
198,209,1
198,210,1
198,211,1
199,199,1
199,200,1
199,210,1
199,211,1
199,212,1
200,200,1
200,211,1
200,212,1
200,213,1
201,201,1
202,202,1
202,203,1
202,216,1
202,217,1
203,203,1
203,204,1
203,216,1
203,217,1
203,218,1
204,204,1
204,205,1
204,217,1
204,218,1
204,219,1
205,205,1
205,206,1
205,218,1
205,219,1
205,220,1
206,206,1
206,207,1
206,219,1
206,220,1
206,221,1
207,207,1
207,208,1
207,220,1
207,221,1
207,222,1
208,208,1
208,209,1
208,221,1
208,222,1
208,223,1
209,209,1
209,210,1
209,222,1
209,223,1
209,224,1
210,210,1
210,211,1
210,223,1
210,224,1
210,225,1
211,211,1
211,212,1
211,224,1
211,225,1
211,226,1
212,212,1
212,213,1
212,225,1
212,226,1
212,227,1
213,213,1
213,226,1
213,227,1
213,228,1
214,214,1
215,215,1
216,216,1
216,217,1
216,230,1
217,217,1
217,218,1
217,230,1
217,231,1
218,218,1
218,219,1
218,230,1
218,231,1
218,232,1
219,219,1
219,220,1
219,231,1
219,232,1
219,233,1
220,220,1
220,221,1
220,232,1
220,233,1
220,234,1
221,221,1
221,222,1
221,233,1
221,234,1
221,235,1
222,222,1
222,223,1
222,234,1
222,235,1
222,236,1
223,223,1
223,224,1
223,235,1
223,236,1
223,237,1
224,224,1
224,225,1
224,236,1
224,237,1
224,238,1
225,225,1
225,226,1
225,237,1
225,238,1
226,226,1
226,227,1
226,238,1
226,239,1
227,227,1
227,228,1
227,239,1
227,240,1
228,228,1
228,239,1
228,240,1
228,241,1
229,229,1
229,241,1
229,242,1
229,243,1
230,230,1
230,231,1
230,244,1
230,245,1
230,246,1
231,231,1
231,232,1
231,245,1
231,246,1
231,247,1
232,232,1
232,233,1
232,246,1
232,247,1
232,248,1
233,233,1
233,234,1
233,247,1
233,248,1
233,249,1
234,234,1
234,235,1
234,248,1
234,249,1
234,250,1
235,235,1
235,236,1
235,249,1
235,250,1
235,251,1
236,236,1
236,237,1
236,250,1
236,251,1
236,252,1
237,237,1
237,238,1
237,251,1
237,252,1
237,253,1
238,238,1
238,252,1
238,253,1
239,239,1
239,240,1
239,254,1
239,255,1
240,240,1
240,241,1
240,254,1
240,255,1
240,256,1
241,241,1
241,242,1
241,255,1
241,256,1
241,257,1
242,242,1
242,243,1
242,256,1
242,257,1
243,243,1
243,257,1
243,258,1
244,244,1
244,245,1
244,260,1
245,245,1
245,246,1
245,260,1
245,261,1
246,246,1
246,247,1
246,260,1
246,261,1
246,262,1
247,247,1
247,248,1
247,261,1
247,262,1
247,263,1
248,248,1
248,249,1
248,262,1
248,263,1
248,264,1
249,249,1
249,250,1
249,263,1
249,264,1
249,265,1
250,250,1
250,251,1
250,264,1
250,265,1
250,266,1
251,251,1
251,252,1
251,265,1
251,266,1
251,267,1
252,252,1
252,253,1
252,266,1
252,267,1
252,268,1
253,253,1
253,267,1
253,268,1
254,254,1
254,255,1
254,269,1
255,255,1
255,256,1
255,269,1
255,270,1
256,256,1
256,257,1
256,269,1
256,270,1
257,257,1
257,270,1
258,258,1
259,259,1
260,260,1
260,261,1
260,272,1
260,273,1
261,261,1
261,262,1
261,272,1
261,273,1
261,274,1
262,262,1
262,263,1
262,273,1
262,274,1
262,275,1
263,263,1
263,264,1
263,274,1
263,275,1
263,276,1
264,264,1
264,265,1
264,275,1
264,276,1
264,277,1
265,265,1
265,266,1
265,276,1
265,277,1
265,278,1
266,266,1
266,267,1
266,277,1
266,278,1
266,279,1
267,267,1
267,268,1
267,278,1
267,279,1
268,268,1
268,279,1
269,269,1
269,270,1
269,280,1
269,281,1
269,282,1
270,270,1
270,281,1
270,282,1
271,271,1
272,272,1
272,273,1
272,285,1
272,286,1
273,273,1
273,274,1
273,285,1
273,286,1
273,287,1
274,274,1
274,275,1
274,286,1
274,287,1
274,288,1
275,275,1
275,276,1
275,287,1
275,288,1
275,289,1
276,276,1
276,277,1
276,288,1
276,289,1
276,290,1
277,277,1
277,278,1
277,289,1
277,290,1
277,291,1
278,278,1
278,279,1
278,290,1
278,291,1
279,279,1
279,291,1
280,280,1
280,281,1
280,292,1
280,293,1
281,281,1
281,282,1
281,292,1
281,293,1
281,294,1
282,282,1
282,293,1
282,294,1
282,295,1
283,283,1
283,295,1
283,296,1
284,284,1
285,285,1
285,286,1
285,299,1
286,286,1
286,287,1
286,299,1
286,300,1
287,287,1
287,288,1
287,299,1
287,300,1
287,301,1
288,288,1
288,289,1
288,300,1
288,301,1
288,302,1
289,289,1
289,290,1
289,301,1
289,302,1
289,303,1
290,290,1
290,291,1
290,302,1
290,303,1
290,304,1
291,291,1
291,303,1
291,304,1
292,292,1
292,293,1
292,305,1
292,306,1
293,293,1
293,294,1
293,305,1
293,306,1
293,307,1
294,294,1
294,295,1
294,306,1
294,307,1
294,308,1
295,295,1
295,296,1
295,307,1
295,308,1
295,309,1
296,296,1
296,308,1
296,309,1
296,310,1
297,297,1
298,298,1
299,299,1
299,300,1
299,313,1
300,300,1
300,301,1
300,313,1
300,314,1
301,301,1
301,302,1
301,313,1
301,314,1
301,315,1
302,302,1
302,303,1
302,314,1
302,315,1
302,316,1
303,303,1
303,304,1
303,315,1
303,316,1
303,317,1
304,304,1
304,316,1
304,317,1
305,305,1
305,306,1
305,318,1
305,319,1
305,320,1
306,306,1
306,307,1
306,319,1
306,320,1
306,321,1
307,307,1
307,308,1
307,320,1
307,321,1
307,322,1
308,308,1
308,309,1
308,321,1
308,322,1
308,323,1
309,309,1
309,310,1
309,322,1
309,323,1
309,324,1
310,310,1
310,311,1
310,323,1
310,324,1
310,325,1
311,311,1
311,312,1
311,324,1
311,325,1
311,326,1
312,312,1
312,325,1
312,326,1
313,313,1
313,314,1
313,328,1
314,314,1
314,315,1
314,328,1
314,329,1
315,315,1
315,316,1
315,328,1
315,329,1
315,330,1
316,316,1
316,317,1
316,329,1
316,330,1
316,331,1
317,317,1
317,330,1
317,331,1
318,318,1
318,319,1
318,332,1
318,333,1
319,319,1
319,320,1
319,332,1
319,333,1
319,334,1
320,320,1
320,321,1
320,333,1
320,334,1
320,335,1
321,321,1
321,322,1
321,334,1
321,335,1
321,336,1
322,322,1
322,323,1
322,335,1
322,336,1
322,337,1
323,323,1
323,324,1
323,336,1
323,337,1
323,338,1
324,324,1
324,325,1
324,337,1
324,338,1
324,339,1
325,325,1
325,326,1
325,338,1
325,339,1
325,340,1
326,326,1
326,339,1
326,340,1
326,341,1
327,327,1
327,341,1
327,342,1
328,328,1
328,329,1
328,343,1
328,344,1
329,329,1
329,330,1
329,343,1
329,344,1
329,345,1
330,330,1
330,331,1
330,344,1
330,345,1
331,331,1
331,345,1
332,332,1
332,333,1
332,346,1
332,347,1
333,333,1
333,334,1
333,346,1
333,347,1
333,348,1
334,334,1
334,335,1
334,347,1
334,348,1
334,349,1
335,335,1
335,336,1
335,348,1
335,349,1
335,350,1
336,336,1
336,337,1
336,349,1
336,350,1
336,351,1
337,337,1
337,338,1
337,350,1
337,351,1
337,352,1
338,338,1
338,339,1
338,351,1
338,352,1
338,353,1
339,339,1
339,340,1
339,352,1
339,353,1
339,354,1
340,340,1
340,341,1
340,353,1
340,354,1
340,355,1
341,341,1
341,342,1
341,354,1
341,355,1
341,356,1
342,342,1
342,355,1
342,356,1
343,343,1
343,344,1
343,357,1
344,344,1
344,345,1
344,357,1
345,345,1
346,346,1
346,347,1
346,358,1
346,359,1
346,360,1
347,347,1
347,348,1
347,359,1
347,360,1
347,361,1
348,348,1
348,349,1
348,360,1
348,361,1
348,362,1
349,349,1
349,350,1
349,361,1
349,362,1
349,363,1
350,350,1
350,351,1
350,362,1
350,363,1
350,364,1
351,351,1
351,352,1
351,363,1
351,364,1
351,365,1
352,352,1
352,353,1
352,364,1
352,365,1
352,366,1
353,353,1
353,354,1
353,365,1
353,366,1
353,367,1
354,354,1
354,355,1
354,366,1
354,367,1
354,368,1
355,355,1
355,356,1
355,367,1
355,368,1
355,369,1
356,356,1
356,368,1
356,369,1
357,357,1
357,370,1
357,371,1
358,358,1
358,359,1
358,372,1
358,373,1
359,359,1
359,360,1
359,372,1
359,373,1
359,374,1
360,360,1
360,361,1
360,373,1
360,374,1
360,375,1
361,361,1
361,362,1
361,374,1
361,375,1
361,376,1
362,362,1
362,363,1
362,375,1
362,376,1
362,377,1
363,363,1
363,364,1
363,376,1
363,377,1
363,378,1
364,364,1
364,365,1
364,377,1
364,378,1
364,379,1
365,365,1
365,366,1
365,378,1
365,379,1
365,380,1
366,366,1
366,367,1
366,379,1
366,380,1
366,381,1
367,367,1
367,368,1
367,380,1
367,381,1
367,382,1
368,368,1
368,369,1
368,381,1
368,382,1
368,383,1
369,369,1
369,382,1
369,383,1
370,370,1
370,371,1
370,384,1
371,371,1
371,384,1
372,372,1
372,373,1
372,385,1
372,386,1
372,387,1
373,373,1
373,374,1
373,386,1
373,387,1
373,388,1
374,374,1
374,375,1
374,387,1
374,388,1
374,389,1
375,375,1
375,376,1
375,388,1
375,389,1
375,390,1
376,376,1
376,377,1
376,389,1
376,390,1
376,391,1
377,377,1
377,378,1
377,390,1
377,391,1
377,392,1
378,378,1
378,379,1
378,391,1
378,392,1
378,393,1
379,379,1
379,380,1
379,392,1
379,393,1
379,394,1
380,380,1
380,381,1
380,393,1
380,394,1
380,395,1
381,381,1
381,382,1
381,394,1
381,395,1
381,396,1
382,382,1
382,383,1
382,395,1
382,396,1
382,397,1
383,383,1
383,396,1
383,397,1
384,384,1
385,385,1
385,386,1
385,398,1
385,399,1
386,386,1
386,387,1
386,398,1
386,399,1
386,400,1
387,387,1
387,388,1
387,399,1
387,400,1
388,388,1
388,389,1
388,400,1
389,389,1
389,390,1
389,401,1
390,390,1
390,391,1
390,401,1
390,402,1
391,391,1
391,392,1
391,401,1
391,402,1
391,403,1
392,392,1
392,393,1
392,402,1
392,403,1
392,404,1
393,393,1
393,394,1
393,403,1
393,404,1
393,405,1
394,394,1
394,395,1
394,404,1
394,405,1
394,406,1
395,395,1
395,396,1
395,405,1
395,406,1
395,407,1
396,396,1
396,397,1
396,406,1
396,407,1
396,408,1
397,397,1
397,407,1
397,408,1
397,409,1
398,398,1
398,399,1
398,411,1
399,399,1
399,400,1
399,411,1
400,400,1
401,401,1
401,402,1
401,412,1
401,413,1
402,402,1
402,403,1
402,412,1
402,413,1
402,414,1
403,403,1
403,404,1
403,413,1
403,414,1
403,415,1
404,404,1
404,405,1
404,414,1
404,415,1
404,416,1
405,405,1
405,406,1
405,415,1
405,416,1
405,417,1
406,406,1
406,407,1
406,416,1
406,417,1
406,418,1
407,407,1
407,408,1
407,417,1
407,418,1
407,419,1
408,408,1
408,409,1
408,418,1
408,419,1
408,420,1
409,409,1
409,410,1
409,419,1
409,420,1
409,421,1
410,410,1
410,420,1
410,421,1
410,422,1
411,411,1
412,412,1
412,413,1
412,424,1
412,425,1
412,426,1
413,413,1
413,414,1
413,425,1
413,426,1
413,427,1
414,414,1
414,415,1
414,426,1
414,427,1
414,428,1
415,415,1
415,416,1
415,427,1
415,428,1
415,429,1
416,416,1
416,417,1
416,428,1
416,429,1
416,430,1
417,417,1
417,418,1
417,429,1
417,430,1
417,431,1
418,418,1
418,419,1
418,430,1
418,431,1
418,432,1
419,419,1
419,420,1
419,431,1
419,432,1
419,433,1
420,420,1
420,421,1
420,432,1
420,433,1
420,434,1
421,421,1
421,422,1
421,433,1
421,434,1
422,422,1
422,434,1
423,423,1
423,424,1
423,435,1
423,436,1
424,424,1
424,425,1
424,435,1
424,436,1
424,437,1
425,425,1
425,426,1
425,436,1
425,437,1
425,438,1
426,426,1
426,427,1
426,437,1
426,438,1
426,439,1
427,427,1
427,428,1
427,438,1
427,439,1
427,440,1
428,428,1
428,429,1
428,439,1
428,440,1
428,441,1
429,429,1
429,430,1
429,440,1
429,441,1
429,442,1
430,430,1
430,431,1
430,441,1
430,442,1
430,443,1
431,431,1
431,432,1
431,442,1
431,443,1
431,444,1
432,432,1
432,433,1
432,443,1
432,444,1
432,445,1
433,433,1
433,434,1
433,444,1
433,445,1
433,446,1
434,434,1
434,445,1
434,446,1
434,447,1
435,435,1
435,436,1
435,449,1
435,450,1
436,436,1
436,437,1
436,449,1
436,450,1
436,451,1
437,437,1
437,438,1
437,450,1
437,451,1
437,452,1
438,438,1
438,439,1
438,451,1
438,452,1
438,453,1
439,439,1
439,440,1
439,452,1
439,453,1
439,454,1
440,440,1
440,441,1
440,453,1
440,454,1
440,455,1
441,441,1
441,442,1
441,454,1
441,455,1
441,456,1
442,442,1
442,443,1
442,455,1
442,456,1
442,457,1
443,443,1
443,444,1
443,456,1
443,457,1
443,458,1
444,444,1
444,445,1
444,457,1
444,458,1
444,459,1
445,445,1
445,446,1
445,458,1
445,459,1
445,460,1
446,446,1
446,447,1
446,459,1
446,460,1
446,461,1
447,447,1
447,460,1
447,461,1
447,462,1
448,448,1
448,462,1
448,463,1
449,449,1
449,450,1
449,464,1
449,465,1
450,450,1
450,451,1
450,464,1
450,465,1
450,466,1
451,451,1
451,452,1
451,465,1
451,466,1
451,467,1
452,452,1
452,453,1
452,466,1
452,467,1
452,468,1
453,453,1
453,454,1
453,467,1
453,468,1
453,469,1
454,454,1
454,455,1
454,468,1
454,469,1
454,470,1
455,455,1
455,456,1
455,469,1
455,470,1
455,471,1
456,456,1
456,457,1
456,470,1
456,471,1
456,472,1
457,457,1
457,458,1
457,471,1
457,472,1
457,473,1
458,458,1
458,459,1
458,472,1
458,473,1
458,474,1
459,459,1
459,460,1
459,473,1
459,474,1
459,475,1
460,460,1
460,461,1
460,474,1
460,475,1
460,476,1
461,461,1
461,462,1
461,475,1
461,476,1
461,477,1
462,462,1
462,476,1
462,477,1
462,478,1
463,463,1
463,478,1
464,464,1
464,465,1
465,465,1
465,466,1
466,466,1
466,467,1
467,467,1
467,468,1
468,468,1
468,469,1
469,469,1
469,470,1
469,479,1
470,470,1
470,471,1
470,479,1
470,480,1
471,471,1
471,472,1
471,479,1
471,480,1
471,481,1
472,472,1
472,473,1
472,480,1
472,481,1
472,482,1
473,473,1
473,474,1
473,481,1
473,482,1
473,483,1
474,474,1
474,475,1
474,482,1
474,483,1
474,484,1
475,475,1
475,476,1
475,483,1
475,484,1
475,485,1
476,476,1
476,477,1
476,484,1
476,485,1
476,486,1
477,477,1
477,478,1
477,485,1
477,486,1
477,487,1
478,478,1
478,486,1
478,487,1
479,479,1
479,480,1
479,488,1
479,489,1
479,490,1
480,480,1
480,481,1
480,489,1
480,490,1
480,491,1
481,481,1
481,482,1
481,490,1
481,491,1
481,492,1
482,482,1
482,483,1
482,491,1
482,492,1
482,493,1
483,483,1
483,484,1
483,492,1
483,493,1
483,494,1
484,484,1
484,485,1
484,493,1
484,494,1
484,495,1
485,485,1
485,486,1
485,494,1
485,495,1
485,496,1
486,486,1
486,487,1
486,495,1
486,496,1
486,497,1
487,487,1
487,496,1
487,497,1
488,488,1
488,489,1
488,498,1
488,499,1
488,500,1
489,489,1
489,490,1
489,499,1
489,500,1
489,501,1
490,490,1
490,491,1
490,500,1
490,501,1
490,502,1
491,491,1
491,492,1
491,501,1
491,502,1
491,503,1
492,492,1
492,493,1
492,502,1
492,503,1
492,504,1
493,493,1
493,494,1
493,503,1
493,504,1
493,505,1
494,494,1
494,495,1
494,504,1
494,505,1
494,506,1
495,495,1
495,496,1
495,505,1
495,506,1
495,507,1
496,496,1
496,497,1
496,506,1
496,507,1
496,508,1
497,497,1
497,507,1
497,508,1
497,509,1
498,498,1
498,499,1
498,510,1
498,511,1
498,512,1
499,499,1
499,500,1
499,511,1
499,512,1
499,513,1
500,500,1
500,501,1
500,512,1
500,513,1
500,514,1
501,501,1
501,502,1
501,513,1
501,514,1
501,515,1
502,502,1
502,503,1
502,514,1
502,515,1
502,516,1
503,503,1
503,504,1
503,515,1
503,516,1
503,517,1
504,504,1
504,505,1
504,516,1
504,517,1
504,518,1
505,505,1
505,506,1
505,517,1
505,518,1
505,519,1
506,506,1
506,507,1
506,518,1
506,519,1
506,520,1
507,507,1
507,508,1
507,519,1
507,520,1
507,521,1
508,508,1
508,509,1
508,520,1
508,521,1
508,522,1
509,509,1
509,521,1
509,522,1
509,523,1
510,510,1
510,511,1
510,524,1
510,525,1
510,526,1
511,511,1
511,512,1
511,525,1
511,526,1
511,527,1
512,512,1
512,513,1
512,526,1
512,527,1
512,528,1
513,513,1
513,514,1
513,527,1
513,528,1
513,529,1
514,514,1
514,515,1
514,528,1
514,529,1
514,530,1
515,515,1
515,516,1
515,529,1
515,530,1
515,531,1
516,516,1
516,517,1
516,530,1
516,531,1
516,532,1
517,517,1
517,518,1
517,531,1
517,532,1
517,533,1
518,518,1
518,519,1
518,532,1
518,533,1
518,534,1
519,519,1
519,520,1
519,533,1
519,534,1
519,535,1
520,520,1
520,521,1
520,534,1
520,535,1
521,521,1
521,522,1
521,535,1
522,522,1
522,523,1
522,536,1
523,523,1
523,536,1
524,524,1
524,525,1
525,525,1
525,526,1
525,537,1
526,526,1
526,527,1
526,537,1
526,538,1
527,527,1
527,528,1
527,537,1
527,538,1
527,539,1
528,528,1
528,529,1
528,538,1
528,539,1
528,540,1
529,529,1
529,530,1
529,539,1
529,540,1
529,541,1
530,530,1
530,531,1
530,540,1
530,541,1
531,531,1
531,532,1
531,541,1
531,542,1
532,532,1
532,533,1
532,542,1
533,533,1
533,534,1
533,542,1
534,534,1
534,535,1
535,535,1
536,536,1
536,543,1
537,537,1
537,538,1
538,538,1
538,539,1
539,539,1
539,540,1
539,547,1
540,540,1
540,541,1
540,547,1
540,548,1
541,541,1
541,547,1
541,548,1
541,549,1
542,542,1
542,549,1
542,550,1
543,543,1
543,544,1
544,544,1
544,545,1
544,551,1
545,545,1
545,551,1
545,552,1
546,546,1
546,552,1
546,553,1
546,554,1
547,547,1
547,548,1
548,548,1
548,549,1
548,555,1
549,549,1
549,550,1
549,555,1
549,556,1
550,550,1
550,555,1
550,556,1
551,551,1
551,552,1
552,552,1
552,553,1
553,553,1
553,554,1
553,557,1
554,554,1
554,557,1
555,555,1
555,556,1
555,558,1
556,556,1
556,558,1
556,559,1
557,557,1
558,558,1
558,559,1
558,561,1
558,562,1
559,559,1
559,561,1
559,562,1
559,563,1
560,560,1
561,561,1
561,562,1
562,562,1
562,563,1
562,564,1
563,563,1
563,564,1
563,565,1
564,564,1
564,565,1
564,567,1
565,565,1
565,567,1
565,568,1
566,566,1
567,567,1
567,568,1
567,569,1
568,568,1
568,569,1
569,569,1
569,572,1
570,570,1
570,574,1
571,571,1
571,574,1
571,575,1
572,572,1
573,573,1
573,576,1
573,577,1
574,574,1
574,575,1
574,578,1
574,579,1
574,580,1
575,575,1
575,579,1
575,580,1
575,581,1
576,576,1
576,577,1
576,582,1
576,583,1
577,577,1
577,582,1
577,583,1
577,584,1
578,578,1
578,579,1
579,579,1
579,580,1
579,586,1
580,580,1
580,581,1
580,586,1
580,587,1
581,581,1
581,586,1
581,587,1
582,582,1
582,583,1
582,588,1
582,589,1
583,583,1
583,584,1
583,588,1
583,589,1
583,590,1
584,584,1
584,585,1
584,589,1
584,590,1
584,591,1
585,585,1
585,590,1
585,591,1
585,592,1
586,586,1
586,587,1
586,593,1
587,587,1
587,593,1
588,588,1
588,589,1
589,589,1
589,590,1
589,594,1
590,590,1
590,591,1
590,594,1
590,595,1
591,591,1
591,592,1
591,594,1
591,595,1
591,596,1
592,592,1
592,595,1
592,596,1
592,597,1
593,593,1
593,598,1
593,599,1
594,594,1
594,595,1
594,601,1
595,595,1
595,596,1
595,601,1
595,602,1
596,596,1
596,597,1
596,601,1
596,602,1
596,603,1
597,597,1
597,602,1
597,603,1
597,604,1
598,598,1
598,599,1
599,599,1
599,600,1
599,605,1
600,600,1
600,605,1
600,606,1
601,601,1
601,602,1
601,610,1
602,602,1
602,603,1
602,610,1
602,611,1
603,603,1
603,604,1
603,610,1
603,611,1
603,612,1
604,604,1
604,611,1
604,612,1
604,613,1
605,605,1
605,606,1
605,614,1
606,606,1
606,607,1
606,614,1
607,607,1
607,608,1
608,608,1
608,615,1
609,609,1
610,610,1
610,611,1
610,618,1
610,619,1
611,611,1
611,612,1
611,618,1
611,619,1
611,620,1
612,612,1
612,613,1
612,619,1
612,620,1
612,621,1
613,613,1
613,620,1
613,621,1
613,622,1
614,614,1
615,615,1
615,616,1
615,625,1
616,616,1
616,617,1
617,617,1
618,618,1
618,619,1
618,627,1
619,619,1
619,620,1
619,627,1
619,628,1
620,620,1
620,621,1
620,627,1
620,628,1
620,629,1
621,621,1
621,622,1
621,628,1
621,629,1
621,630,1
622,622,1
622,623,1
622,629,1
622,630,1
622,631,1
623,623,1
623,630,1
623,631,1
623,632,1
624,624,1
624,625,1
625,625,1
626,626,1
626,635,1
626,636,1
627,627,1
627,628,1
627,637,1
627,638,1
628,628,1
628,629,1
628,637,1
628,638,1
628,639,1
629,629,1
629,630,1
629,638,1
629,639,1
629,640,1
630,630,1
630,631,1
630,639,1
630,640,1
630,641,1
631,631,1
631,632,1
631,640,1
631,641,1
631,642,1
632,632,1
632,641,1
632,642,1
632,643,1
633,633,1
633,634,1
634,634,1
634,644,1
635,635,1
635,636,1
635,644,1
635,645,1
636,636,1
636,645,1
637,637,1
637,638,1
637,646,1
638,638,1
638,639,1
638,646,1
638,647,1
639,639,1
639,640,1
639,646,1
639,647,1
639,648,1
640,640,1
640,641,1
640,647,1
640,648,1
640,649,1
641,641,1
641,642,1
641,648,1
641,649,1
641,650,1
642,642,1
642,643,1
642,649,1
642,650,1
642,651,1
643,643,1
643,650,1
643,651,1
643,652,1
644,644,1
644,653,1
644,654,1
645,645,1
645,654,1
645,655,1
645,656,1
646,646,1
646,647,1
647,647,1
647,648,1
647,657,1
648,648,1
648,649,1
648,657,1
648,658,1
649,649,1
649,650,1
649,657,1
649,658,1
649,659,1
650,650,1
650,651,1
650,658,1
650,659,1
650,660,1
651,651,1
651,652,1
651,659,1
651,660,1
651,661,1
652,652,1
652,660,1
652,661,1
652,662,1
653,653,1
654,654,1
654,655,1
654,663,1
655,655,1
655,656,1
655,663,1
655,664,1
656,656,1
656,663,1
656,664,1
657,657,1
657,658,1
657,665,1
658,658,1
658,659,1
658,665,1
658,666,1
659,659,1
659,660,1
659,665,1
659,666,1
659,667,1
660,660,1
660,661,1
660,666,1
660,667,1
660,668,1
661,661,1
661,662,1
661,667,1
661,668,1
661,669,1
662,662,1
662,668,1
662,669,1
662,670,1
663,663,1
663,664,1
664,664,1
665,665,1
665,666,1
665,672,1
665,673,1
666,666,1
666,667,1
666,672,1
666,673,1
666,674,1
667,667,1
667,668,1
667,673,1
667,674,1
667,675,1
668,668,1
668,669,1
668,674,1
668,675,1
668,676,1
669,669,1
669,670,1
669,675,1
669,676,1
669,677,1
670,670,1
670,671,1
670,676,1
670,677,1
670,678,1
671,671,1
671,677,1
671,678,1
671,679,1
672,672,1
672,673,1
673,673,1
673,674,1
673,682,1
674,674,1
674,675,1
674,682,1
674,683,1
675,675,1
675,676,1
675,682,1
675,683,1
675,684,1
676,676,1
676,677,1
676,683,1
676,684,1
676,685,1
677,677,1
677,678,1
677,684,1
677,685,1
677,686,1
678,678,1
678,679,1
678,685,1
678,686,1
678,687,1
679,679,1
679,680,1
679,686,1
679,687,1
679,688,1
680,680,1
680,681,1
680,687,1
680,688,1
680,689,1
681,681,1
681,688,1
681,689,1
682,682,1
682,683,1
682,690,1
682,691,1
683,683,1
683,684,1
683,690,1
683,691,1
683,692,1
684,684,1
684,685,1
684,691,1
684,692,1
684,693,1
685,685,1
685,686,1
685,692,1
685,693,1
685,694,1
686,686,1
686,687,1
686,693,1
686,694,1
686,695,1
687,687,1
687,688,1
687,694,1
687,695,1
687,696,1
688,688,1
688,689,1
688,695,1
688,696,1
688,697,1
689,689,1
689,696,1
689,697,1
689,698,1
690,690,1
690,691,1
690,702,1
691,691,1
691,692,1
691,702,1
691,703,1
692,692,1
692,693,1
692,702,1
692,703,1
692,704,1
693,693,1
693,694,1
693,703,1
693,704,1
693,705,1
694,694,1
694,695,1
694,704,1
694,705,1
694,706,1
695,695,1
695,696,1
695,705,1
695,706,1
695,707,1
696,696,1
696,697,1
696,706,1
696,707,1
696,708,1
697,697,1
697,698,1
697,707,1
697,708,1
697,709,1
698,698,1
698,699,1
698,708,1
698,709,1
698,710,1
699,699,1
699,700,1
699,709,1
699,710,1
699,711,1
700,700,1
700,710,1
700,711,1
700,712,1
701,701,1
702,702,1
702,703,1
702,714,1
702,715,1
703,703,1
703,704,1
703,714,1
703,715,1
703,716,1
704,704,1
704,705,1
704,715,1
704,716,1
704,717,1
705,705,1
705,706,1
705,716,1
705,717,1
705,718,1
706,706,1
706,707,1
706,717,1
706,718,1
706,719,1
707,707,1
707,708,1
707,718,1
707,719,1
707,720,1
708,708,1
708,709,1
708,719,1
708,720,1
708,721,1
709,709,1
709,710,1
709,720,1
709,721,1
710,710,1
710,711,1
710,721,1
711,711,1
711,712,1
712,712,1
712,713,1
713,713,1
713,722,1
714,714,1
714,715,1
714,727,1
715,715,1
715,716,1
715,727,1
715,728,1
716,716,1
716,717,1
716,728,1
716,729,1
717,717,1
717,718,1
717,728,1
717,729,1
717,730,1
718,718,1
718,719,1
718,729,1
718,730,1
718,731,1
719,719,1
719,720,1
719,730,1
719,731,1
719,732,1
720,720,1
720,721,1
720,731,1
720,732,1
721,721,1
721,732,1
722,722,1
722,723,1
723,723,1
723,724,1
724,724,1
724,733,1
725,725,1
725,726,1
725,736,1
725,737,1
726,726,1
726,736,1
726,737,1
727,727,1
728,728,1
728,729,1
728,738,1
728,739,1
729,729,1
729,730,1
729,738,1
729,739,1
729,740,1
730,730,1
730,731,1
730,739,1
730,740,1
731,731,1
731,732,1
731,740,1
732,732,1
733,733,1
733,734,1
734,734,1
734,735,1
735,735,1
736,736,1
736,737,1
737,737,1
738,738,1
738,739,1
739,739,1
739,740,1
740,740,1
741,741,1
742,742,1
743,743,1
744,744,1
745,745,1
746,746,1
747,747,1
748,748,1
749,749,1
750,750,1
751,751,1
752,752,1
753,753,1
754,754,1
755,755,1
756,756,1
757,757,1
758,758,1
759,759,1
760,760,1
761,761,1
762,762,1
763,763,1
764,764,1
765,765,1
766,766,1
767,767,1
768,768,1
769,769,1
770,770,1
771,771,1
772,772,1
773,773,1
774,774,1
775,775,1
776,776,1
777,777,1
778,778,1
779,779,1
780,780,1
781,781,1
782,782,1
783,783,1
784,784,1
785,785,1
786,786,1
787,787,1
788,788,1
789,789,1
790,790,1
791,791,1
792,792,1
793,793,1
794,794,1
795,795,1
796,796,1
797,797,1
798,798,1
799,799,1
800,800,1
801,801,1
802,802,1
803,803,1
804,804,1
805,805,1
806,806,1
807,807,1
808,808,1
809,809,1
810,810,1
811,811,1
812,812,1
813,813,1
814,814,1
815,815,1
816,816,1
817,817,1
818,818,1
819,819,1
820,820,1
821,821,1
822,822,1
823,823,1
824,824,1
825,825,1
826,826,1
827,827,1
828,828,1
829,829,1
830,830,1
831,831,1
832,832,1
833,833,1
834,834,1
835,835,1
836,836,1
837,837,1
838,838,1
839,839,1
840,840,1
841,841,1
842,842,1
843,843,1
844,844,1
845,845,1
846,846,1
847,847,1
848,848,1
849,849,1
850,850,1
851,851,1
852,852,1
853,853,1
854,854,1
855,855,1
856,856,1
857,857,1
858,858,1
859,859,1
860,860,1
861,861,1
862,862,1
863,863,1
864,864,1
865,865,1
866,866,1
867,867,1
868,868,1
869,869,1
870,870,1
871,871,1
872,872,1
873,873,1
874,874,1
875,875,1
876,876,1
877,877,1
878,878,1
879,879,1
880,880,1
881,881,1
882,882,1
883,883,1
884,884,1
885,885,1
886,886,1
887,887,1
888,888,1
889,889,1
890,890,1
891,891,1
892,892,1
893,893,1
894,894,1
895,895,1
896,896,1
897,897,1
898,898,1
899,899,1
900,900,1
901,901,1
902,902,1
903,903,1
904,904,1
905,905,1
906,906,1
907,907,1
908,908,1
909,909,1
910,910,1
911,911,1
912,912,1
913,913,1
914,914,1
915,915,1
916,916,1
917,917,1
918,918,1
919,919,1
920,920,1
921,921,1
922,922,1
923,923,1
924,924,1
925,925,1
926,926,1
927,927,1
928,928,1
929,929,1
930,930,1
931,931,1
932,932,1
933,933,1
934,934,1
935,935,1
936,936,1
937,937,1
938,938,1
939,939,1
940,940,1
941,941,1
942,942,1
943,943,1
944,944,1
945,945,1
946,946,1
947,947,1
948,948,1
949,949,1
950,950,1
951,951,1
952,952,1
953,953,1
954,954,1
955,955,1
956,956,1
957,957,1
958,958,1
959,959,1
960,960,1
961,961,1
962,962,1
963,963,1
964,964,1
965,965,1
966,966,1
967,967,1
968,968,1
969,969,1
970,970,1
971,971,1
972,972,1
973,973,1
974,974,1
975,975,1
976,976,1
977,977,1
978,978,1
979,979,1
980,980,1
981,981,1
982,982,1
983,983,1
984,984,1
985,985,1
986,986,1
987,987,1
988,988,1
989,989,1
990,990,1
991,991,1
992,992,1
993,993,1
994,994,1
995,995,1
996,996,1
997,997,1
998,998,1
999,999,1
1000,1000,1
1001,1001,1
1002,1002,1
1003,1003,1
1004,1004,1
1005,1005,1
1006,1006,1
1007,1007,1
1008,1008,1
1009,1009,1
1010,1010,1
1011,1011,1
1012,1012,1
1013,1013,1
1014,1014,1
1015,1015,1
1016,1016,1
1017,1017,1
1018,1018,1
1019,1019,1
1020,1020,1
1021,1021,1
1022,1022,1
1023,1023,1
1024,1024,1
1025,1025,1
1026,1026,1
1027,1027,1
1028,1028,1
1029,1029,1
1030,1030,1
1031,1031,1
1032,1032,1
1033,1033,1
1034,1034,1
1035,1035,1
1036,1036,1
1037,1037,1
1038,1038,1
1039,1039,1
1040,1040,1
1041,1041,1
1042,1042,1
1043,1043,1
1044,1044,1
1045,1045,1
1046,1046,1
1047,1047,1
1048,1048,1
1049,1049,1
1050,1050,1
1051,1051,1
1052,1052,1
1053,1053,1
1054,1054,1
1055,1055,1
1056,1056,1
1057,1057,1
1058,1058,1
1059,1059,1
1060,1060,1
1061,1061,1
1062,1062,1
1063,1063,1
1064,1064,1
1065,1065,1
1066,1066,1
1067,1067,1
1068,1068,1
1069,1069,1
1070,1070,1
1071,1071,1
1072,1072,1
1073,1073,1
1074,1074,1
1075,1075,1
1076,1076,1
1077,1077,1
1078,1078,1
1079,1079,1
1080,1080,1
1081,1081,1
1082,1082,1
1083,1083,1
1084,1084,1
1085,1085,1
1086,1086,1
1087,1087,1
1088,1088,1
1089,1089,1
1090,1090,1
1091,1091,1
1092,1092,1
1093,1093,1
1094,1094,1
1095,1095,1
1096,1096,1
1097,1097,1
1098,1098,1
1099,1099,1
1100,1100,1
1101,1101,1
1102,1102,1
1103,1103,1
1104,1104,1
1105,1105,1
1106,1106,1
1107,1107,1
1108,1108,1
1109,1109,1
1110,1110,1
1111,1111,1
1112,1112,1
1113,1113,1
1114,1114,1
1115,1115,1
1116,1116,1
1117,1117,1
1118,1118,1
1119,1119,1
1120,1120,1
1121,1121,1
1122,1122,1
1123,1123,1
1124,1124,1
1125,1125,1
1126,1126,1
1127,1127,1
1128,1128,1
1129,1129,1
1130,1130,1
1131,1131,1
1132,1132,1
1133,1133,1
1134,1134,1
1135,1135,1
1136,1136,1
1137,1137,1
1138,1138,1
1139,1139,1
1140,1140,1
1141,1141,1
1142,1142,1
1143,1143,1
1144,1144,1
1145,1145,1
1146,1146,1
1147,1147,1
1148,1148,1
1149,1149,1
1150,1150,1
1151,1151,1
1152,1152,1
1153,1153,1
1154,1154,1
1155,1155,1
1156,1156,1
1157,1157,1
1158,1158,1
1159,1159,1
1160,1160,1
1161,1161,1
1162,1162,1
1163,1163,1
1164,1164,1
1165,1165,1
1166,1166,1
1167,1167,1
1168,1168,1
1169,1169,1
1170,1170,1
1171,1171,1
1172,1172,1
1173,1173,1
1174,1174,1
1175,1175,1
1176,1176,1
1177,1177,1
1178,1178,1
1179,1179,1
1180,1180,1
1181,1181,1
1182,1182,1
1183,1183,1
1184,1184,1
1185,1185,1
1186,1186,1
1187,1187,1
1188,1188,1
1189,1189,1
1190,1190,1
1191,1191,1
1192,1192,1
1193,1193,1
1194,1194,1
1195,1195,1
1196,1196,1
1197,1197,1
1198,1198,1
1199,1199,1
1200,1200,1
1201,1201,1
1202,1202,1
1203,1203,1
1204,1204,1
1205,1205,1
1206,1206,1
1207,1207,1
1208,1208,1
1209,1209,1
1210,1210,1
1211,1211,1
1212,1212,1
1213,1213,1
1214,1214,1
1215,1215,1
1216,1216,1
1217,1217,1
1218,1218,1
1219,1219,1
1220,1220,1
1221,1221,1
1222,1222,1
1223,1223,1
1224,1224,1
1225,1225,1
1226,1226,1
1227,1227,1
1228,1228,1
1229,1229,1
1230,1230,1
1231,1231,1
1232,1232,1
1233,1233,1
1234,1234,1
1235,1235,1
1236,1236,1
1237,1237,1
1238,1238,1
1239,1239,1
1240,1240,1
1241,1241,1
1242,1242,1
1243,1243,1
1244,1244,1
1245,1245,1
1246,1246,1
1247,1247,1
1248,1248,1
1249,1249,1
1250,1250,1
1251,1251,1
1252,1252,1
1253,1253,1
1254,1254,1
1255,1255,1
1256,1256,1
1257,1257,1
1258,1258,1
1259,1259,1
1260,1260,1
1261,1261,1
1262,1262,1
1263,1263,1
1264,1264,1
1265,1265,1
1266,1266,1
1267,1267,1
1268,1268,1
1269,1269,1
1270,1270,1
1271,1271,1
1272,1272,1
1273,1273,1
1274,1274,1
1275,1275,1
1276,1276,1
1277,1277,1
1278,1278,1
1279,1279,1
1280,1280,1
1281,1281,1
1282,1282,1
1283,1283,1
1284,1284,1
1285,1285,1
1286,1286,1
1287,1287,1
1288,1288,1
1289,1289,1
1290,1290,1
1291,1291,1
1292,1292,1
1293,1293,1
1294,1294,1
1295,1295,1
1296,1296,1
1297,1297,1
1298,1298,1
1299,1299,1
1300,1300,1
1301,1301,1
1302,1302,1
1303,1303,1
1304,1304,1
1305,1305,1
1306,1306,1
1307,1307,1
1308,1308,1
1309,1309,1
1310,1310,1
1311,1311,1
1312,1312,1
1313,1313,1
1314,1314,1
1315,1315,1
1316,1316,1
1317,1317,1
1318,1318,1
1319,1319,1
1320,1320,1
1321,1321,1
1322,1322,1
1323,1323,1
1324,1324,1
1325,1325,1
1326,1326,1
1327,1327,1
1328,1328,1
1329,1329,1
1330,1330,1
1331,1331,1
1332,1332,1
1333,1333,1
1334,1334,1
1335,1335,1
1336,1336,1
1337,1337,1
1338,1338,1
1339,1339,1
1340,1340,1
1341,1341,1
1342,1342,1
1343,1343,1
1344,1344,1
1345,1345,1
1346,1346,1
1347,1347,1
1348,1348,1
1349,1349,1
1350,1350,1
1351,1351,1
1352,1352,1
1353,1353,1
1354,1354,1
1355,1355,1
1356,1356,1
1357,1357,1
1358,1358,1
1359,1359,1
1360,1360,1
1361,1361,1
1362,1362,1
1363,1363,1
1364,1364,1
1365,1365,1
1366,1366,1
1367,1367,1
1368,1368,1
1369,1369,1
1370,1370,1
1371,1371,1
1372,1372,1
1373,1373,1
1374,1374,1
1375,1375,1
1376,1376,1
1377,1377,1
1378,1378,1
1379,1379,1
1380,1380,1
1381,1381,1
1382,1382,1
1383,1383,1
1384,1384,1
1385,1385,1
1386,1386,1
1387,1387,1
1388,1388,1
1389,1389,1
1390,1390,1
1391,1391,1
1392,1392,1
1393,1393,1
1394,1394,1
1395,1395,1
1396,1396,1
1397,1397,1
1398,1398,1
1399,1399,1
1400,1400,1
1401,1401,1
1402,1402,1
1403,1403,1
1404,1404,1
1405,1405,1
1406,1406,1
1407,1407,1
1408,1408,1
1409,1409,1
1410,1410,1
1411,1411,1
1412,1412,1
1413,1413,1
1414,1414,1
1415,1415,1
1416,1416,1
1417,1417,1
1418,1418,1
1419,1419,1
1420,1420,1
1421,1421,1
1422,1422,1
1423,1423,1
1424,1424,1
1425,1425,1
1426,1426,1
1427,1427,1
1428,1428,1
1429,1429,1
1430,1430,1
1431,1431,1
1432,1432,1
1433,1433,1
1434,1434,1
1435,1435,1
1436,1436,1
1437,1437,1
1438,1438,1
1439,1439,1
1440,1440,1
1441,1441,1
1442,1442,1
1443,1443,1
1444,1444,1
1445,1445,1
1446,1446,1
1447,1447,1
1448,1448,1
1449,1449,1
1450,1450,1
1451,1451,1
1452,1452,1
1453,1453,1
1454,1454,1
1455,1455,1
1456,1456,1
1457,1457,1
1458,1458,1
1459,1459,1
1460,1460,1
1461,1461,1
1462,1462,1
1463,1463,1
1464,1464,1
1465,1465,1
1466,1466,1
1467,1467,1
1468,1468,1
1469,1469,1
1470,1470,1
1471,1471,1
1472,1472,1
1473,1473,1
1474,1474,1
1475,1475,1
1476,1476,1
1477,1477,1
1478,1478,1
1479,1479,1
1480,1480,1
1481,1481,1
1482,1482,1
1483,1483,1
1484,1484,1
1485,1485,1
1486,1486,1
1487,1487,1
1488,1488,1
1489,1489,1
1490,1490,1
1491,1491,1
1492,1492,1
1493,1493,1
1494,1494,1
1495,1495,1
1496,1496,1
1497,1497,1
1498,1498,1
1499,1499,1
1500,1500,1
1501,1501,1
1502,1502,1
1503,1503,1
1504,1504,1
1505,1505,1
1506,1506,1
1507,1507,1
1508,1508,1
1509,1509,1
1510,1510,1
1511,1511,1
1512,1512,1
1513,1513,1
1514,1514,1
1515,1515,1
1516,1516,1
1517,1517,1
1518,1518,1
1519,1519,1
1520,1520,1
1521,1521,1
1522,1522,1
1523,1523,1
1524,1524,1
1525,1525,1
1526,1526,1
1527,1527,1
1528,1528,1
1529,1529,1
1530,1530,1
1531,1531,1
1532,1532,1
1533,1533,1
1534,1534,1
1535,1535,1
1536,1536,1
1537,1537,1
1538,1538,1
1539,1539,1
1540,1540,1
1541,1541,1
1542,1542,1
1543,1543,1
1544,1544,1
1545,1545,1
1546,1546,1
1547,1547,1
1548,1548,1
1549,1549,1
1550,1550,1
1551,1551,1
1552,1552,1
1553,1553,1
1554,1554,1
1555,1555,1
1556,1556,1
1557,1557,1
1558,1558,1
1559,1559,1
1560,1560,1
1561,1561,1
1562,1562,1
1563,1563,1
1564,1564,1
1565,1565,1
1566,1566,1
1567,1567,1
1568,1568,1
1569,1569,1
1570,1570,1
1571,1571,1
1572,1572,1
1573,1573,1
1574,1574,1
1575,1575,1
1576,1576,1
1577,1577,1
1578,1578,1
1579,1579,1
1580,1580,1
1581,1581,1
1582,1582,1
1583,1583,1
1584,1584,1
1585,1585,1
1586,1586,1
1587,1587,1
1588,1588,1
1589,1589,1
1590,1590,1
1591,1591,1
1592,1592,1
1593,1593,1
1594,1594,1
1595,1595,1
1596,1596,1
1597,1597,1
1598,1598,1
1599,1599,1
1600,1600,1
1601,1601,1
1602,1602,1
1603,1603,1
1604,1604,1
1605,1605,1
1606,1606,1
1607,1607,1
1608,1608,1
1609,1609,1
1610,1610,1
1611,1611,1
1612,1612,1
1613,1613,1
1614,1614,1
1615,1615,1
1616,1616,1
1617,1617,1
1618,1618,1
1619,1619,1
1620,1620,1
1621,1621,1
1622,1622,1
1623,1623,1
1624,1624,1
1625,1625,1
1626,1626,1
1627,1627,1
1628,1628,1
1629,1629,1
1630,1630,1
1631,1631,1
1632,1632,1
1633,1633,1
1634,1634,1
1635,1635,1
1636,1636,1
1637,1637,1
1638,1638,1
1639,1639,1
1640,1640,1
1641,1641,1
1642,1642,1
1643,1643,1
1644,1644,1
1645,1645,1
1646,1646,1
1647,1647,1
1648,1648,1
1649,1649,1
1650,1650,1
1651,1651,1
1652,1652,1
1653,1653,1
1654,1654,1
1655,1655,1
1656,1656,1
1657,1657,1
1658,1658,1
1659,1659,1
1660,1660,1
1661,1661,1
1662,1662,1
1663,1663,1
1664,1664,1
1665,1665,1
1666,1666,1
1667,1667,1
1668,1668,1
1669,1669,1
1670,1670,1
1671,1671,1
1672,1672,1
1673,1673,1
1674,1674,1
1675,1675,1
1676,1676,1
1677,1677,1
1678,1678,1
1679,1679,1
1680,1680,1
1681,1681,1
1682,1682,1
1683,1683,1
1684,1684,1
1685,1685,1
1686,1686,1
1687,1687,1
1688,1688,1
1689,1689,1
1690,1690,1
1691,1691,1
1692,1692,1
1693,1693,1
1694,1694,1
1695,1695,1
1696,1696,1
1697,1697,1
1698,1698,1
1699,1699,1
1700,1700,1
1701,1701,1
1702,1702,1
1703,1703,1
1704,1704,1
1705,1705,1
1706,1706,1
1707,1707,1
1708,1708,1
1709,1709,1
1710,1710,1
1711,1711,1
1712,1712,1
1713,1713,1
1714,1714,1
1715,1715,1
1716,1716,1
1717,1717,1
1718,1718,1
1719,1719,1
1720,1720,1
1721,1721,1
1722,1722,1
1723,1723,1
1724,1724,1
1725,1725,1
1726,1726,1
1727,1727,1
1728,1728,1
1729,1729,1
1730,1730,1
1731,1731,1
1732,1732,1
1733,1733,1
1734,1734,1
1735,1735,1
1736,1736,1
1737,1737,1
1738,1738,1
1739,1739,1
1740,1740,1
1741,1741,1
1742,1742,1
1743,1743,1
1744,1744,1
1745,1745,1
1746,1746,1
1747,1747,1
1748,1748,1
1749,1749,1
1750,1750,1
1751,1751,1
1752,1752,1
1753,1753,1
1754,1754,1
1755,1755,1
1756,1756,1
1757,1757,1
1758,1758,1
1759,1759,1
1760,1760,1
1761,1761,1
1762,1762,1
1763,1763,1
1764,1764,1
1765,1765,1
1766,1766,1
1767,1767,1
1768,1768,1
1769,1769,1
1770,1770,1
1771,1771,1
1772,1772,1
1773,1773,1
1774,1774,1
1775,1775,1
1776,1776,1
1777,1777,1
1778,1778,1
1779,1779,1
1780,1780,1
1781,1781,1
1782,1782,1
1783,1783,1
1784,1784,1
1785,1785,1
1786,1786,1
1787,1787,1
1788,1788,1
1789,1789,1
1790,1790,1
1791,1791,1
1792,1792,1
1793,1793,1
1794,1794,1
1795,1795,1
1796,1796,1
1797,1797,1
1798,1798,1
1799,1799,1
1800,1800,1
1801,1801,1
1802,1802,1
1803,1803,1
1804,1804,1
1805,1805,1
1806,1806,1
1807,1807,1
1808,1808,1
1809,1809,1
1810,1810,1
1811,1811,1
1812,1812,1
1813,1813,1
1814,1814,1
1815,1815,1
1816,1816,1
1817,1817,1
1818,1818,1
1819,1819,1
1820,1820,1
1821,1821,1
1822,1822,1
1823,1823,1
1824,1824,1
1825,1825,1
1826,1826,1
1827,1827,1
1828,1828,1
1829,1829,1
1830,1830,1
1831,1831,1
1832,1832,1
1833,1833,1
1834,1834,1
1835,1835,1
1836,1836,1
1837,1837,1
1838,1838,1
1839,1839,1
1840,1840,1
1841,1841,1
1842,1842,1
1843,1843,1
1844,1844,1
1845,1845,1
1846,1846,1
1847,1847,1
1848,1848,1
1849,1849,1
1850,1850,1
1851,1851,1
1852,1852,1
1853,1853,1
1854,1854,1
1855,1855,1
1856,1856,1
1857,1857,1
1858,1858,1
1859,1859,1
1860,1860,1
1861,1861,1
1862,1862,1
1863,1863,1
1864,1864,1
1865,1865,1
1866,1866,1
1867,1867,1
1868,1868,1
1869,1869,1
1870,1870,1
1871,1871,1
1872,1872,1
1873,1873,1
1874,1874,1
1875,1875,1
1876,1876,1
1877,1877,1
1878,1878,1
1879,1879,1
1880,1880,1
1881,1881,1
1882,1882,1
1883,1883,1
1884,1884,1
1885,1885,1
1886,1886,1
1887,1887,1
1888,1888,1
1889,1889,1
1890,1890,1
1891,1891,1
1892,1892,1
1893,1893,1
1894,1894,1
1895,1895,1
1896,1896,1
1897,1897,1
1898,1898,1
1899,1899,1
1900,1900,1
1901,1901,1
1902,1902,1
1903,1903,1
1904,1904,1
1905,1905,1
1906,1906,1
1907,1907,1
1908,1908,1
1909,1909,1
1910,1910,1
1911,1911,1
1912,1912,1
1913,1913,1
1914,1914,1
1915,1915,1
1916,1916,1
1917,1917,1
1918,1918,1
1919,1919,1
1920,1920,1
1921,1921,1
1922,1922,1
1923,1923,1
1924,1924,1
1925,1925,1
1926,1926,1
1927,1927,1
1928,1928,1
1929,1929,1
1930,1930,1
1931,1931,1
1932,1932,1
1933,1933,1
1934,1934,1
1935,1935,1
1936,1936,1
1937,1937,1
1938,1938,1
1939,1939,1
1940,1940,1
1941,1941,1
1942,1942,1
1943,1943,1
1944,1944,1
1945,1945,1
1946,1946,1
1947,1947,1
1948,1948,1
1949,1949,1
1950,1950,1
1951,1951,1
1952,1952,1
1953,1953,1
1954,1954,1
1955,1955,1
1956,1956,1
1957,1957,1
1958,1958,1
1959,1959,1
1960,1960,1
1961,1961,1
1962,1962,1
1963,1963,1
1964,1964,1
1965,1965,1
1966,1966,1
1967,1967,1
1968,1968,1
1969,1969,1
1970,1970,1
1971,1971,1
1972,1972,1
1973,1973,1
1974,1974,1
1975,1975,1
1976,1976,1
1977,1977,1
1978,1978,1
1979,1979,1
1980,1980,1
1981,1981,1
1982,1982,1
1983,1983,1
1984,1984,1
1985,1985,1
1986,1986,1
1987,1987,1
1988,1988,1
1989,1989,1
1990,1990,1
1991,1991,1
1992,1992,1
1993,1993,1
1994,1994,1
1995,1995,1
1996,1996,1
1997,1997,1
1998,1998,1
1999,1999,1
2000,2000,1
2001,2001,1
2002,2002,1
2003,2003,1
2004,2004,1
2005,2005,1
2006,2006,1
2007,2007,1
2008,2008,1
2009,2009,1
2010,2010,1
2011,2011,1
2012,2012,1
2013,2013,1
2014,2014,1
2015,2015,1
2016,2016,1
2017,2017,1
2018,2018,1
2019,2019,1
2020,2020,1
2021,2021,1
2022,2022,1
2023,2023,1
2024,2024,1
2025,2025,1
2026,2026,1
2027,2027,1
2028,2028,1
2029,2029,1
2030,2030,1
2031,2031,1
2032,2032,1
2033,2033,1
2034,2034,1
2035,2035,1
2036,2036,1
2037,2037,1
2038,2038,1
2039,2039,1
2040,2040,1
2041,2041,1
2042,2042,1
2043,2043,1
2044,2044,1
2045,2045,1
2046,2046,1
2047,2047,1
2048,2048,1
2049,2049,1
2050,2050,1
2051,2051,1
2052,2052,1
2053,2053,1
2054,2054,1
2055,2055,1
2056,2056,1
2057,2057,1
2058,2058,1
2059,2059,1
2060,2060,1
2061,2061,1
2062,2062,1
2063,2063,1
2064,2064,1
2065,2065,1
2066,2066,1
2067,2067,1
2068,2068,1
2069,2069,1
2070,2070,1
2071,2071,1
2072,2072,1
2073,2073,1
2074,2074,1
2075,2075,1
2076,2076,1
2077,2077,1
2078,2078,1
2079,2079,1
2080,2080,1
2081,2081,1
2082,2082,1
2083,2083,1
2084,2084,1
2085,2085,1
2086,2086,1
2087,2087,1
2088,2088,1
2089,2089,1
2090,2090,1
2091,2091,1
2092,2092,1
2093,2093,1
2094,2094,1
2095,2095,1
2096,2096,1
2097,2097,1
2098,2098,1
2099,2099,1
2100,2100,1
2101,2101,1
2102,2102,1
2103,2103,1
2104,2104,1
2105,2105,1
2106,2106,1
2107,2107,1
2108,2108,1
2109,2109,1
2110,2110,1
2111,2111,1
2112,2112,1
2113,2113,1
2114,2114,1
2115,2115,1
2116,2116,1
2117,2117,1
2118,2118,1
2119,2119,1
2120,2120,1
2121,2121,1
2122,2122,1
2123,2123,1
2124,2124,1
2125,2125,1
2126,2126,1
2127,2127,1
2128,2128,1
2129,2129,1
2130,2130,1
2131,2131,1
2132,2132,1
2133,2133,1
2134,2134,1
2135,2135,1
2136,2136,1
2137,2137,1
2138,2138,1
2139,2139,1
2140,2140,1
2141,2141,1
2142,2142,1
2143,2143,1
2144,2144,1
2145,2145,1
2146,2146,1
2147,2147,1
2148,2148,1
2149,2149,1
2150,2150,1
2151,2151,1
2152,2152,1
2153,2153,1
2154,2154,1
2155,2155,1
2156,2156,1
2157,2157,1
2158,2158,1
2159,2159,1
2160,2160,1
2161,2161,1
2162,2162,1
2163,2163,1
2164,2164,1
2165,2165,1
2166,2166,1
2167,2167,1
2168,2168,1
2169,2169,1
2170,2170,1
2171,2171,1
2172,2172,1
2173,2173,1
2174,2174,1
2175,2175,1
2176,2176,1
2177,2177,1
2178,2178,1
2179,2179,1
2180,2180,1
2181,2181,1
2182,2182,1
2183,2183,1
2184,2184,1
2185,2185,1
2186,2186,1
2187,2187,1
2188,2188,1
2189,2189,1
2190,2190,1
2191,2191,1
2192,2192,1
2193,2193,1
2194,2194,1
2195,2195,1
2196,2196,1
2197,2197,1
2198,2198,1
2199,2199,1
2200,2200,1
2201,2201,1
2202,2202,1
2203,2203,1
2204,2204,1
2205,2205,1
2206,2206,1
2207,2207,1
2208,2208,1
2209,2209,1
2210,2210,1
2211,2211,1
2212,2212,1
2213,2213,1
2214,2214,1
2215,2215,1
2216,2216,1
2217,2217,1
2218,2218,1
2219,2219,1
2220,2220,1
2221,2221,1
2222,2222,1
2223,2223,1
2224,2224,1
2225,2225,1
