species,pu,amount
1,1,0
2,1,0
1,2,0
2,2,0
1,3,0
2,3,0
1,4,0
2,4,0
1,5,0
2,5,0
1,6,0
2,6,0
1,7,0
2,7,0
1,8,0
2,8,0
1,9,0
2,9,0
1,10,0
2,10,0
1,11,0
2,11,0
1,12,0
2,12,0
1,13,0
2,13,0
1,14,0
2,14,0
1,15,0
2,15,0
1,16,0
2,16,0
1,17,0
2,17,0
1,18,0
2,18,0
1,19,0
2,19,0
1,20,0
2,20,0
1,21,0
2,21,0
1,22,0
2,22,0
1,23,0
2,23,0
1,24,0
2,24,0
1,25,0
2,25,0
1,26,0
2,26,0
1,27,0
2,27,0
1,28,0
2,28,0
1,29,0
2,29,0
1,30,0
2,30,0
1,31,0
2,31,0
1,32,0
2,32,0
1,33,0
2,33,0
1,34,2
2,34,0
1,35,0
2,35,0
1,36,0
2,36,0
1,37,0
2,37,0
1,38,0
2,38,0
1,39,0
2,39,0
1,40,0
2,40,0
1,41,0
2,41,0
1,42,0
2,42,0
1,43,0
2,43,0
1,44,0
2,44,0
1,45,0
2,45,0
1,46,0
2,46,0
1,47,0
2,47,0
1,48,0
2,48,0
1,49,0
2,49,0
1,50,0
2,50,0
1,51,0
2,51,0
1,52,0
2,52,0
1,53,0
2,53,0
1,54,0
2,54,0
1,55,0
2,55,0
1,56,0
2,56,0
1,57,0
2,57,0
1,58,0
2,58,0
1,59,0
2,59,0
1,60,0
2,60,0
1,61,0
2,61,0
1,62,0
2,62,0
1,63,1
2,63,2.03171393989124e-16
1,64,0
2,64,0
1,65,0
2,65,0
1,66,0
2,66,0
1,67,0
2,67,0
1,68,0
2,68,0
1,69,0
2,69,0
1,70,0
2,70,0
1,71,1
2,71,1.76090855132628e-16
1,72,1
2,72,2.86013180232636e-18
1,73,0
2,73,0
1,74,0
2,74,0
1,75,0
2,75,0
1,76,0
2,76,0
1,77,0
2,77,0
1,78,2.44444444444444
2,78,5.66422020721847e-17
1,79,0
2,79,0
1,80,0
2,80,0
1,81,0
2,81,0
1,82,0
2,82,0
1,83,0
2,83,0
1,84,0
2,84,0
1,85,0
2,85,0
1,86,0
2,86,0
1,87,0
2,87,0
1,88,0
2,88,0
1,89,0
2,89,0
1,90,0
2,90,0
1,91,0
2,91,0
1,92,0
2,92,0
1,93,0
2,93,0
1,94,1
2,94,5.2514985015069e-18
1,95,2.25
2,95,1.02047865794275e-15
1,96,2.4
2,96,8.41874983659415e-16
1,97,0
2,97,0
1,98,0
2,98,0
1,99,0
2,99,0
1,100,0
2,100,0
1,101,0
2,101,0
1,102,0
2,102,0
1,103,1
2,103,0
1,104,0
2,104,0
1,105,1
2,105,2.10456726559393e-17
1,106,0
2,106,0
1,107,0
2,107,0
1,108,0
2,108,0
1,109,0
2,109,0
1,110,1
2,110,1.87553517910961e-17
1,111,0
2,111,0
1,112,0
2,112,0
1,113,5
2,113,2.67274617806736e-16
1,114,0
2,114,0
1,115,0
2,115,0
1,116,0
2,116,0
1,117,0
2,117,0
1,118,1.8
2,118,9.61766254383593e-17
1,119,0
2,119,0
1,120,0
2,120,0
1,121,0
2,121,0
1,122,0
2,122,0
1,123,1
2,123,1.4615463918413e-17
1,124,3.625
2,124,5.61763870639231e-16
1,125,1.4
2,125,6.36963349122596e-16
1,126,0
2,126,0
1,127,0
2,127,0
1,128,1.25
2,128,1.25035678607307e-19
1,129,0
2,129,0
1,130,0
2,130,0
1,131,0
2,131,0
1,132,0
2,132,0
1,133,1.8
2,133,5.28884032878431e-16
1,134,0
2,134,0
1,135,0
2,135,0
1,136,0
2,136,0
1,137,0
2,137,0
1,138,1.75
2,138,1.15451971139338e-16
1,139,1
2,139,3.10558035106465e-16
1,140,0
2,140,0
1,141,2.625
2,141,1.46104142363101e-17
1,142,4.44444444444444
2,142,1.50868488317748e-18
1,143,0
2,143,0
1,144,0
2,144,0
1,145,0
2,145,0
1,146,1.66666666666667
2,146,1.31301404475446e-16
1,147,0
2,147,0
1,148,0
2,148,0
1,149,4.9
2,149,4.04723339525114e-16
1,150,0
2,150,0
1,151,0
2,151,0
1,152,1
2,152,2.30887974988217e-18
1,153,0
2,153,0
1,154,1.33333333333333
2,154,2.55037208613302e-17
1,155,0
2,155,0
1,156,0
2,156,0
1,157,0
2,157,0
1,158,0
2,158,0
1,159,0
2,159,0
1,160,3.75
2,160,1.86857191224364e-16
1,161,0
2,161,0
1,162,1
2,162,4.09209270016685e-18
1,163,2.25
2,163,4.99446810734573e-17
1,164,2
2,164,6.60897662316771e-17
1,165,2.14285714285714
2,165,5.73179488159729e-17
1,166,0
2,166,0
1,167,1
2,167,1.1067357478774e-18
1,168,0
2,168,0
1,169,0
2,169,0
1,170,1
2,170,0
1,171,3.4
2,171,5.41546072465127e-17
1,172,0
2,172,0
1,173,1
2,173,0
1,174,0
2,174,0
1,175,1
2,175,0
1,176,0
2,176,0
1,177,0
2,177,0
1,178,0
2,178,0
1,179,0
2,179,0
1,180,1
2,180,3.12859408762836e-18
1,181,0
2,181,0
1,182,0
2,182,0
1,183,0
2,183,0
1,184,0
2,184,0
1,185,0
2,185,0
1,186,1.25
2,186,6.6025201275724e-19
1,187,0
2,187,0
1,188,0
2,188,0
1,189,0
2,189,0
1,190,0
2,190,0
1,191,0
2,191,0
1,192,0
2,192,0
1,193,0
2,193,0
1,194,0
2,194,0
1,195,0
2,195,0
1,196,1
2,196,0
1,197,0
2,197,0
1,198,0
2,198,0
1,199,0
2,199,0
1,200,0
2,200,0
1,201,1
2,201,0
1,202,0
2,202,0
1,203,0
2,203,0
1,204,1
2,204,0
1,205,1.5
2,205,0
1,206,0
2,206,0
1,207,0
2,207,0
1,208,0
2,208,0
1,209,0
2,209,0
1,210,0
2,210,0
1,211,2
2,211,0
1,212,0
2,212,0
1,213,0
2,213,0
1,214,0
2,214,0
1,215,0
2,215,0
1,216,0
2,216,0
1,217,1
2,217,0
1,218,0
2,218,0
1,219,0
2,219,0
1,220,1
2,220,0
1,221,0
2,221,0
1,222,0
2,222,0
1,223,0
2,223,0
1,224,0
2,224,0
1,225,0
2,225,0
1,226,0
2,226,0
1,227,0
2,227,0
1,228,0
2,228,0
1,229,0
2,229,0
1,230,0
2,230,0
1,231,0
2,231,0
1,232,0
2,232,0
1,233,0
2,233,0
1,234,0
2,234,0
1,235,0
2,235,0
1,236,0
2,236,0
1,237,0
2,237,0
1,238,0
2,238,0
1,239,0
2,239,0
1,240,0
2,240,0
1,241,0
2,241,0
1,242,0
2,242,0
1,243,0
2,243,0
1,244,1
2,244,1.55808054544642e-17
1,245,0
2,245,0
1,246,0
2,246,0
1,247,0
2,247,0
1,248,0
2,248,0
1,249,0
2,249,0
1,250,0
2,250,0
1,251,0
2,251,0
1,252,0
2,252,0
1,253,0
2,253,0
1,254,1.5
2,254,0
1,255,0
2,255,0
1,256,0
2,256,0
1,257,0
2,257,0
1,258,0
2,258,0
1,259,0
2,259,0
1,260,0
2,260,0
1,261,0
2,261,0
1,262,0
2,262,0
1,263,1
2,263,0
1,264,0
2,264,0
1,265,0
2,265,0
1,266,0
2,266,0
1,267,0
2,267,0
1,268,0
2,268,0
1,269,0
2,269,0
1,270,0
2,270,0
1,271,0
2,271,0
1,272,0
2,272,0
1,273,0
2,273,0
1,274,0
2,274,0
1,275,0
2,275,0
1,276,0
2,276,0
1,277,1
2,277,1.60253848507847e-18
1,278,0
2,278,0
1,279,0
2,279,0
1,280,0
2,280,0
1,281,0
2,281,0
1,282,0
2,282,0
1,283,0
2,283,0
1,284,0
2,284,0
1,285,0
2,285,0
1,286,0
2,286,0
1,287,0
2,287,0
1,288,0
2,288,0
1,289,0
2,289,0
1,290,0
2,290,0
1,291,0
2,291,0
1,292,0
2,292,0
1,293,0
2,293,0
1,294,0
2,294,0
1,295,0
2,295,0
1,296,0
2,296,0
1,297,0
2,297,0
1,298,0
2,298,0
1,299,0
2,299,0
1,300,0
2,300,0
1,301,1
2,301,2.04164852860188e-18
1,302,0
2,302,0
1,303,0
2,303,0
1,304,0
2,304,0
1,305,0
2,305,0
1,306,0
2,306,0
1,307,0
2,307,0
1,308,0
2,308,0
1,309,0
2,309,0
1,310,0
2,310,0
1,311,0
2,311,0
1,312,0
2,312,0
1,313,1
2,313,3.44614721606208e-08
1,314,1
2,314,1.25493064789678e-10
1,315,0
2,315,0
1,316,0
2,316,0
1,317,0
2,317,0
1,318,0
2,318,0
1,319,0
2,319,0
1,320,0
2,320,0
1,321,0
2,321,0
1,322,0
2,322,0
1,323,0
2,323,0
1,324,1
2,324,6.2633259927626e-11
1,325,0
2,325,0
1,326,0
2,326,0
1,327,0
2,327,0
1,328,0
2,328,0
1,329,0
2,329,0
1,330,0
2,330,0
1,331,0
2,331,0
1,332,0
2,332,0
1,333,0
2,333,0
1,334,0
2,334,0
1,335,0
2,335,0
1,336,1
2,336,1.02889383297537e-17
1,337,0
2,337,0
1,338,0
2,338,0
1,339,0
2,339,0
1,340,0
2,340,0
1,341,0
2,341,0
1,342,0
2,342,0
1,343,0
2,343,0
1,344,0
2,344,0
1,345,0
2,345,0
1,346,0
2,346,0
1,347,0
2,347,0
1,348,0
2,348,0
1,349,1
2,349,5.41669456555751e-17
1,350,0
2,350,0
1,351,0
2,351,0
1,352,0
2,352,0
1,353,0
2,353,0
1,354,0
2,354,0
1,355,0
2,355,0
1,356,0
2,356,0
1,357,0
2,357,0
1,358,0
2,358,0
1,359,0
2,359,0
1,360,0
2,360,0
1,361,0
2,361,0
1,362,0
2,362,0
1,363,0
2,363,0
1,364,0
2,364,0
1,365,0
2,365,0
1,366,0
2,366,0
1,367,0
2,367,0
1,368,0
2,368,0
1,369,0
2,369,0
1,370,0
2,370,0
1,371,0
2,371,0
1,372,0
2,372,0
1,373,0
2,373,0
1,374,0
2,374,0
1,375,1
2,375,8.1804732346488e-11
1,376,1
2,376,0.0168156014905998
1,377,0
2,377,0
1,378,0
2,378,0
1,379,0
2,379,0
1,380,0
2,380,0
1,381,0
2,381,0
1,382,0
2,382,0
1,383,0
2,383,0
1,384,0
2,384,0
1,385,0
2,385,0
1,386,0
2,386,0
1,387,0
2,387,0
1,388,0
2,388,0
1,389,0
2,389,0
1,390,1
2,390,1.12311288178842e-07
1,391,0
2,391,0
1,392,0
2,392,0
1,393,0
2,393,0
1,394,0
2,394,0
1,395,0
2,395,0
1,396,0
2,396,0
1,397,0
2,397,0
1,398,0
2,398,0
1,399,0
2,399,0
1,400,0
2,400,0
1,401,0
2,401,0
1,402,0
2,402,0
1,403,1
2,403,1.25906571842368e-06
1,404,0
2,404,0
1,405,0
2,405,0
1,406,0
2,406,0
1,407,0
2,407,0
1,408,0
2,408,0
1,409,0
2,409,0
1,410,0
2,410,0
1,411,0
2,411,0
1,412,0
2,412,0
1,413,0
2,413,0
1,414,0
2,414,0
1,415,0
2,415,0
1,416,1.5
2,416,1.06950517661721e-06
1,417,0
2,417,0
1,418,1.5
2,418,1.63713189968619e-18
1,419,0
2,419,0
1,420,0
2,420,0
1,421,0
2,421,0
1,422,0
2,422,0
1,423,0
2,423,0
1,424,0
2,424,0
1,425,0
2,425,0
1,426,0
2,426,0
1,427,0
2,427,0
1,428,0
2,428,0
1,429,0
2,429,0
1,430,0
2,430,0
1,431,0
2,431,0
1,432,2
2,432,3.68974359239554e-19
1,433,0
2,433,0
1,434,0
2,434,0
1,435,0
2,435,0
1,436,0
2,436,0
1,437,0
2,437,0
1,438,0
2,438,0
1,439,0
2,439,0
1,440,0
2,440,0
1,441,1.5
2,441,0.000784109798234909
1,442,0
2,442,0
1,443,2.83333333333333
2,443,3.31019223530356e-06
1,444,0
2,444,0
1,445,0
2,445,0
1,446,0
2,446,0
1,447,0
2,447,0
1,448,0
2,448,0
1,449,0
2,449,0
1,450,0
2,450,0
1,451,0
2,451,0
1,452,1.33333333333333
2,452,0.000216006794293144
1,453,2.75
2,453,1.09386040391635e-05
1,454,2.25
2,454,0.0119814351835279
1,455,0
2,455,0
1,456,0
2,456,0
1,457,0
2,457,0
1,458,0
2,458,0
1,459,0
2,459,0
1,460,0
2,460,0
1,461,0
2,461,0
1,462,0
2,462,0
1,463,1
2,463,4.7549068688746e-06
1,464,1
2,464,5.54390612034733e-05
1,465,1
2,465,0.0308322331665369
1,466,1
2,466,0.00594724096172947
1,467,0
2,467,0
1,468,0
2,468,0
1,469,0
2,469,0
1,470,0
2,470,0
1,471,0
2,471,0
1,472,0
2,472,0
1,473,0
2,473,0
1,474,0
2,474,0
1,475,0
2,475,0
1,476,0
2,476,0
1,477,1
2,477,8.33720323580068e-06
1,478,1
2,478,5.53231987154883e-05
1,479,6.6
2,479,6.38048402796603e-18
1,480,1
2,480,0.0238072815669976
1,481,1.33333333333333
2,481,0.013923941747181
1,482,0
2,482,0
1,483,0
2,483,0
1,484,0
2,484,0
1,485,0
2,485,0
1,486,0
2,486,0
1,487,0
2,487,0
1,488,0
2,488,0
1,489,0
2,489,0
1,490,0
2,490,0
1,491,0
2,491,0
1,492,1
2,492,0.00257021616082265
1,493,1.4
2,493,0.0446367688672939
1,494,1
2,494,0.0247471591552832
1,495,0
2,495,0
1,496,0
2,496,0
1,497,0
2,497,0
1,498,0
2,498,0
1,499,0
2,499,0
1,500,0
2,500,0
1,501,0
2,501,0
1,502,0
2,502,0
1,503,0
2,503,0
1,504,0
2,504,0
1,505,1
2,505,3.6989610124488e-07
1,506,1
2,506,0.0438905501371573
1,507,1
2,507,0.0746901836277416
1,508,0
2,508,0
1,509,0
2,509,0
1,510,0
2,510,0
1,511,0
2,511,0
1,512,0
2,512,0
1,513,0
2,513,0
1,514,0
2,514,0
1,515,0
2,515,0
1,516,0
2,516,0
1,517,1
2,517,1.45214588009048e-05
1,518,1.75
2,518,8.3493429245586e-05
1,519,0
2,519,0
1,520,1
2,520,0.100186539175064
1,521,0
2,521,0
1,522,0
2,522,0
1,523,0
2,523,0
1,524,0
2,524,0
1,525,0
2,525,0
1,526,0
2,526,0
1,527,0
2,527,0
1,528,0
2,528,0
1,529,0
2,529,0
1,530,0
2,530,0
1,531,0
2,531,0
1,532,1.33333333333333
2,532,5.66958050857163e-07
1,533,0
2,533,0
1,534,1.33333333333333
2,534,0.0522735789620209
1,535,3
2,535,0.128300556600048
1,536,0
2,536,0
1,537,0
2,537,0
1,538,0
2,538,0
1,539,0
2,539,0
1,540,0
2,540,0
1,541,0
2,541,0
1,542,0
2,542,0
1,543,1.25
2,543,0.00243412708942155
1,544,0
2,544,0
1,545,1
2,545,1.34462143066348e-05
1,546,18.8
2,546,0.986551570748883
1,547,1
2,547,0.156078802823398
1,548,1
2,548,0.016946818085302
1,549,0
2,549,0
1,550,0
2,550,0
1,551,0
2,551,0
1,552,0
2,552,0
1,553,0
2,553,0
1,554,0
2,554,0
1,555,0
2,555,0
1,556,1
2,556,0.00187949872103513
1,557,1.4
2,557,3.05424743110055e-06
1,558,3
2,558,0.33274240660923
1,559,1.625
2,559,0.241023259438459
1,560,1
2,560,0.123316405790336
1,561,1.33333333333333
2,561,0.0508653184224714
1,562,0
2,562,0
1,563,0
2,563,0
1,564,0
2,564,0
1,565,0
2,565,0
1,566,0
2,566,0
1,567,1.5
2,567,0.0247626902799927
1,568,1.25
2,568,0.000881924515523395
1,569,3.33333333333333
2,569,3.82438731842671e-05
1,570,3.9
2,570,1.86198415558244e-06
1,571,0
2,571,0
1,572,1.25
2,572,0.205067295423164
1,573,1
2,573,0.193673336671248
1,574,1
2,574,0.12437080736601
1,575,0
2,575,0
1,576,0
2,576,0
1,577,0
2,577,0
1,578,0
2,578,0
1,579,0
2,579,0
1,580,1
2,580,0.00311152169542571
1,581,1
2,581,0
1,582,0
2,582,0
1,583,1.6
2,583,1.70940404707948e-06
1,584,4
2,584,0.275602206896804
1,585,1
2,585,0.0283908362599579
1,586,1.25
2,586,0.090352735684493
1,587,1.75
2,587,0.0853115919210106
1,588,0
2,588,0
1,589,0
2,589,0
1,590,0
2,590,0
1,591,0
2,591,0
1,592,1
2,592,0.0123954656176706
1,593,1
2,593,0
1,594,2.25
2,594,0.200290633747148
1,595,1
2,595,0.0886815925900996
1,596,1.28571428571429
2,596,0.0794816755928615
1,597,0
2,597,0
1,598,0
2,598,0
1,599,0
2,599,0
1,600,0
2,600,0
1,601,1
2,601,0.00515751466514926
1,602,7.3
2,602,0.487146955385705
1,603,1.16666666666667
2,603,0.134516824108547
1,604,1
2,604,0.0820622505074414
1,605,2
2,605,0.146509468750122
1,606,0
2,606,0
1,607,0
2,607,0
1,608,0
2,608,0
1,609,0
2,609,0
1,610,1
2,610,2.83523194573189e-18
1,611,12.5
2,611,4.32841789481459e-17
1,612,4.875
2,612,0.356188281229883
1,613,1.66666666666667
2,613,0.0827905060398881
1,614,1.25
2,614,0.102354194595376
1,615,1
2,615,0.162217349989526
1,616,0
2,616,0
1,617,0
2,617,0
1,618,0
2,618,0
1,619,1.33333333333333
2,619,0.00109976071293962
1,620,1
2,620,0.00207436820121713
1,621,1
2,621,0
1,622,2.16666666666667
2,622,0.24565804910733
1,623,1
2,623,0.222288717980689
1,624,2
2,624,0.120649495097773
1,625,0
2,625,0
1,626,0
2,626,0
1,627,0
2,627,0
1,628,1.5
2,628,0.00346787354308208
1,629,1
2,629,1.05234377947669e-18
1,630,3.75
2,630,0.245004473546751
1,631,1.8
2,631,0.287644490545474
1,632,1
2,632,0.235461684391841
1,633,0
2,633,0
1,634,0
2,634,0
1,635,0
2,635,0
1,636,1
2,636,0.0237984091613596
1,637,0
2,637,0
1,638,1.8
2,638,0.227002502876301
1,639,2
2,639,0.0992820148674604
1,640,1
2,640,0.0834673288485231
1,641,0
2,641,0
1,642,0
2,642,0
1,643,0
2,643,0
1,644,0
2,644,0
1,645,0
2,645,0
1,646,1
2,646,0.139755014472307
1,647,1
2,647,0.0833124898008744
1,648,0
2,648,0
1,649,0
2,649,0
1,650,0
2,650,0
1,651,1
2,651,0.0276668204121429
1,652,0
2,652,0
1,653,1
2,653,0
1,654,1
2,654,0.00551106845117556
1,655,1
2,655,0.00568722441368349
1,656,0
2,656,0
1,657,0
2,657,0
1,658,0
2,658,0
1,659,0
2,659,0
1,660,0
2,660,0
1,661,0
2,661,0
1,662,0
2,662,0
1,663,0
2,663,0
1,664,0
2,664,0
1,665,0
2,665,0
1,666,0
2,666,0
1,667,1
2,667,0.00540161879083767
1,668,2
2,668,0.0343353818858654
1,669,0
2,669,0
1,670,0
2,670,0
1,671,0
2,671,0
1,672,0
2,672,0
1,673,0
2,673,0
1,674,0
2,674,0
1,675,1
2,675,0.00313093432077213
1,676,0
2,676,0
1,677,0
2,677,0
1,678,0
2,678,0
1,679,0
2,679,0
1,680,0
2,680,0
1,681,1
2,681,4.33525261425943e-05
1,682,0
2,682,0
1,683,0
2,683,0
1,684,0
2,684,0
1,685,0
2,685,0
1,686,0
2,686,0
1,687,0
2,687,0
1,688,0
2,688,0
1,689,0
2,689,0
1,690,1
2,690,0.00865662830427351
1,691,0
2,691,0
1,692,0
2,692,0
1,693,0
2,693,0
1,694,1
2,694,0.02381060046518
1,695,1.5
2,695,0.063407483971239
1,696,1
2,696,0.00795010023968481
1,697,0
2,697,0
1,698,0
2,698,0
1,699,0
2,699,0
1,700,0
2,700,0
1,701,0
2,701,0
1,702,0
2,702,0
1,703,0
2,703,0
1,704,0
2,704,0
1,705,0
2,705,0
1,706,1
2,706,0.0284716205297907
1,707,1
2,707,0.0380942801940834
1,708,0
2,708,0
1,709,0
2,709,0
1,710,0
2,710,0
1,711,0
2,711,0
1,712,0
2,712,0
1,713,0
2,713,0
1,714,1.42857142857143
2,714,0.0152497264853365
1,715,1.25
2,715,0.00942935222951345
1,716,0
2,716,0
1,717,0
2,717,0
1,718,0
2,718,0
1,719,1
2,719,0.0114517688574698
1,720,0
2,720,0
1,721,0
2,721,0
1,722,0
2,722,0
1,723,0
2,723,0
1,724,0
2,724,0
1,725,0
2,725,0
1,726,0
2,726,0
1,727,0
2,727,0
1,728,0
2,728,0
1,729,0
2,729,0
1,730,0
2,730,0
1,731,1.625
2,731,0.00244556527126606
