species,pu,amount
1,1,0
2,1,0
1,2,0
2,2,0
1,3,0
2,3,0
1,4,0
2,4,0
1,5,0
2,5,0
1,6,0
2,6,0
1,7,0
2,7,0
1,8,0
2,8,0
1,9,0
2,9,0
1,10,0
2,10,0
1,11,0
2,11,0
1,12,0
2,12,0
1,13,0
2,13,0
1,14,0
2,14,0
1,15,0
2,15,0
1,16,0
2,16,0
1,17,0
2,17,0
1,18,0
2,18,0
1,19,0
2,19,0
1,20,0
2,20,0
1,21,1
2,21,3.10540647808054e-17
1,22,0
2,22,0
1,23,0
2,23,0
1,24,0
2,24,0
1,25,0
2,25,0
1,26,0
2,26,0
1,27,0
2,27,0
1,28,0
2,28,0
1,29,0
2,29,0
1,30,0
2,30,0
1,31,0
2,31,0
1,32,0
2,32,0
1,33,0
2,33,0
1,34,1.33333333333333
2,34,1.70465272587427e-16
1,35,0
2,35,0
1,36,0
2,36,0
1,37,0
2,37,0
1,38,0
2,38,0
1,39,0
2,39,0
1,40,0
2,40,0
1,41,0
2,41,0
1,42,0
2,42,0
1,43,0
2,43,0
1,44,0
2,44,0
1,45,1
2,45,9.76133993447383e-18
1,46,0
2,46,0
1,47,0
2,47,0
1,48,0
2,48,0
1,49,0
2,49,0
1,50,0
2,50,0
1,51,0
2,51,0
1,52,0
2,52,0
1,53,0
2,53,0
1,54,0
2,54,0
1,55,0
2,55,0
1,56,0
2,56,0
1,57,0
2,57,0
1,58,0
2,58,0
1,59,0
2,59,0
1,60,0
2,60,0
1,61,0
2,61,0
1,62,0
2,62,0
1,63,0
2,63,0
1,64,0
2,64,0
1,65,0
2,65,0
1,66,0
2,66,0
1,67,0
2,67,0
1,68,0
2,68,0
1,69,0
2,69,0
1,70,0
2,70,0
1,71,1.25
2,71,2.25319258777701e-18
1,72,1.5
2,72,5.898482171114e-16
1,73,0
2,73,0
1,74,0
2,74,0
1,75,0
2,75,0
1,76,0
2,76,0
1,77,0
2,77,0
1,78,5.5
2,78,1.9986193915799e-17
1,79,0
2,79,0
1,80,0
2,80,0
1,81,0
2,81,0
1,82,0
2,82,0
1,83,0
2,83,0
1,84,0
2,84,0
1,85,0
2,85,0
1,86,0
2,86,0
1,87,0
2,87,0
1,88,0
2,88,0
1,89,0
2,89,0
1,90,0
2,90,0
1,91,0
2,91,0
1,92,0
2,92,0
1,93,0
2,93,0
1,94,1
2,94,1.4264035413178e-17
1,95,2
2,95,8.59580849178653e-17
1,96,3.66666666666667
2,96,5.13192115940775e-16
1,97,0
2,97,0
1,98,0
2,98,0
1,99,0
2,99,0
1,100,0
2,100,0
1,101,0
2,101,0
1,102,0
2,102,0
1,103,1
2,103,1.82859678977883e-17
1,104,1
2,104,0
1,105,1
2,105,1.40896489178828e-18
1,106,0
2,106,0
1,107,0
2,107,0
1,108,0
2,108,0
1,109,0
2,109,0
1,110,0
2,110,0
1,111,1.5
2,111,0
1,112,0
2,112,0
1,113,5.25
2,113,1.6168568920413e-16
1,114,0
2,114,0
1,115,0
2,115,0
1,116,0
2,116,0
1,117,1
2,117,0
1,118,3
2,118,1.44126547813916e-15
1,119,0
2,119,0
1,120,0
2,120,0
1,121,0
2,121,0
1,122,0
2,122,0
1,123,0
2,123,0
1,124,8.88888888888889
2,124,5.8361906114839e-16
1,125,2.28571428571429
2,125,8.20313972988286e-16
1,126,0
2,126,0
1,127,0
2,127,0
1,128,1.6
2,128,1.65099495640189e-18
1,129,0
2,129,0
1,130,0
2,130,0
1,131,0
2,131,0
1,132,0
2,132,0
1,133,3.28571428571429
2,133,4.5218374889743e-16
1,134,0
2,134,0
1,135,0
2,135,0
1,136,0
2,136,0
1,137,1
2,137,0
1,138,3.4
2,138,1.7059338888642e-16
1,139,2.5
2,139,1.66192797097702e-16
1,140,0
2,140,0
1,141,7.5
2,141,3.52969883714725e-17
1,142,10.6
2,142,2.94723106509278e-18
1,143,0
2,143,0
1,144,0
2,144,0
1,145,1
2,145,0
1,146,2.5
2,146,5.83779265636858e-17
1,147,0
2,147,0
1,148,0
2,148,0
1,149,12.7
2,149,7.03690175562546e-16
1,150,0
2,150,0
1,151,0
2,151,0
1,152,1
2,152,5.85633691675119e-18
1,153,0
2,153,0
1,154,2
2,154,2.27894066334502e-16
1,155,0
2,155,0
1,156,0
2,156,0
1,157,2.5
2,157,0
1,158,0
2,158,0
1,159,0
2,159,0
1,160,8.4
2,160,1.20239447066702e-16
1,161,0
2,161,0
1,162,1
2,162,2.22029972888535e-18
1,163,2.6
2,163,2.77975616753711e-18
1,164,3.8
2,164,5.3211804246479e-17
1,165,3.5
2,165,1.0800062579467e-16
1,166,1
2,166,0
1,167,1
2,167,2.26154580423098e-18
1,168,0
2,168,0
1,169,0
2,169,0
1,170,1
2,170,3.24355988504917e-18
1,171,5.9
2,171,4.81273752870099e-17
1,172,0
2,172,0
1,173,1.5
2,173,8.40585020707417e-18
1,174,0
2,174,0
1,175,1
2,175,0
1,176,0
2,176,0
1,177,0
2,177,0
1,178,0
2,178,0
1,179,1
2,179,0
1,180,1.71428571428571
2,180,1.15046722827074e-18
1,181,0
2,181,0
1,182,0
2,182,0
1,183,0
2,183,0
1,184,0
2,184,0
1,185,0
2,185,0
1,186,1
2,186,2.54796545278842e-18
1,187,1
2,187,0
1,188,0
2,188,0
1,189,0
2,189,0
1,190,1
2,190,2.6263420372447e-18
1,191,0
2,191,0
1,192,1
2,192,7.37422906226809e-18
1,193,0
2,193,0
1,194,0
2,194,0
1,195,0
2,195,0
1,196,1.25
2,196,1.5548914477124e-18
1,197,0
2,197,0
1,198,0
2,198,0
1,199,1
2,199,0
1,200,1
2,200,0
1,201,1
2,201,5.39273881161765e-15
1,202,1
2,202,1.45979035415004e-17
1,203,1
2,203,0
1,204,1
2,204,4.11698868658311e-18
1,205,2.5
2,205,1.08304674833714e-17
1,206,0
2,206,0
1,207,0
2,207,0
1,208,0
2,208,0
1,209,0
2,209,0
1,210,0
2,210,0
1,211,0
2,211,0
1,212,0
2,212,0
1,213,1
2,213,2.13832190961568e-17
1,214,0
2,214,0
1,215,0
2,215,0
1,216,0
2,216,0
1,217,1
2,217,9.29097427813047e-16
1,218,1
2,218,1.14205881592187e-15
1,219,0
2,219,0
1,220,1.5
2,220,3.58637405131157e-18
1,221,0
2,221,0
1,222,0
2,222,0
1,223,0
2,223,0
1,224,0
2,224,0
1,225,0
2,225,0
1,226,0
2,226,0
1,227,0
2,227,0
1,228,0
2,228,0
1,229,0
2,229,0
1,230,0
2,230,0
1,231,0
2,231,0
1,232,1
2,232,0
1,233,1
2,233,5.66796444232465e-16
1,234,0
2,234,0
1,235,0
2,235,0
1,236,0
2,236,0
1,237,0
2,237,0
1,238,0
2,238,0
1,239,0
2,239,0
1,240,0
2,240,0
1,241,0
2,241,0
1,242,0
2,242,0
1,243,0
2,243,0
1,244,1.28571428571429
2,244,3.24843800614133e-15
1,245,0
2,245,0
1,246,0
2,246,0
1,247,0
2,247,0
1,248,0
2,248,0
1,249,0
2,249,0
1,250,0
2,250,0
1,251,0
2,251,0
1,252,0
2,252,0
1,253,0
2,253,0
1,254,1
2,254,1.43989135140732e-16
1,255,0
2,255,0
1,256,0
2,256,0
1,257,0
2,257,0
1,258,0
2,258,0
1,259,0
2,259,0
1,260,0
2,260,0
1,261,0
2,261,0
1,262,0
2,262,0
1,263,1
2,263,4.02296926616983e-18
1,264,0
2,264,0
1,265,0
2,265,0
1,266,0
2,266,0
1,267,0
2,267,0
1,268,0
2,268,0
1,269,0
2,269,0
1,270,0
2,270,0
1,271,0
2,271,0
1,272,0
2,272,0
1,273,0
2,273,0
1,274,0
2,274,0
1,275,0
2,275,0
1,276,0
2,276,0
1,277,1
2,277,4.34944487047802e-16
1,278,0
2,278,0
1,279,0
2,279,0
1,280,0
2,280,0
1,281,0
2,281,0
1,282,0
2,282,0
1,283,0
2,283,0
1,284,0
2,284,0
1,285,0
2,285,0
1,286,0
2,286,0
1,287,0
2,287,0
1,288,0
2,288,0
1,289,0
2,289,0
1,290,0
2,290,0
1,291,0
2,291,0
1,292,0
2,292,0
1,293,0
2,293,0
1,294,0
2,294,0
1,295,0
2,295,0
1,296,0
2,296,0
1,297,0
2,297,0
1,298,0
2,298,0
1,299,0
2,299,0
1,300,0
2,300,0
1,301,1.33333333333333
2,301,4.85838927062571e-18
1,302,0
2,302,0
1,303,0
2,303,0
1,304,0
2,304,0
1,305,0
2,305,0
1,306,0
2,306,0
1,307,0
2,307,0
1,308,0
2,308,0
1,309,0
2,309,0
1,310,0
2,310,0
1,311,0
2,311,0
1,312,0
2,312,0
1,313,2
2,313,1.51170318983321e-17
1,314,2.4
2,314,3.53667433713748e-18
1,315,0
2,315,0
1,316,0
2,316,0
1,317,0
2,317,0
1,318,0
2,318,0
1,319,0
2,319,0
1,320,0
2,320,0
1,321,0
2,321,0
1,322,0
2,322,0
1,323,0
2,323,0
1,324,1
2,324,9.46466767601046e-18
1,325,0
2,325,0
1,326,0
2,326,0
1,327,0
2,327,0
1,328,0
2,328,0
1,329,0
2,329,0
1,330,0
2,330,0
1,331,0
2,331,0
1,332,0
2,332,0
1,333,0
2,333,0
1,334,0
2,334,0
1,335,0
2,335,0
1,336,2.8
2,336,1.58765077053778e-10
1,337,0
2,337,0
1,338,0
2,338,0
1,339,0
2,339,0
1,340,0
2,340,0
1,341,0
2,341,0
1,342,0
2,342,0
1,343,0
2,343,0
1,344,0
2,344,0
1,345,0
2,345,0
1,346,0
2,346,0
1,347,0
2,347,0
1,348,0
2,348,0
1,349,0
2,349,0
1,350,0
2,350,0
1,351,0
2,351,0
1,352,0
2,352,0
1,353,0
2,353,0
1,354,0
2,354,0
1,355,0
2,355,0
1,356,0
2,356,0
1,357,0
2,357,0
1,358,0
2,358,0
1,359,0
2,359,0
1,360,0
2,360,0
1,361,0
2,361,0
1,362,0
2,362,0
1,363,0
2,363,0
1,364,0
2,364,0
1,365,0
2,365,0
1,366,0
2,366,0
1,367,0
2,367,0
1,368,0
2,368,0
1,369,0
2,369,0
1,370,0
2,370,0
1,371,0
2,371,0
1,372,0
2,372,0
1,373,0
2,373,0
1,374,0
2,374,0
1,375,1.2
2,375,3.14551274971929e-10
1,376,1
2,376,1.32155139418431e-06
1,377,1
2,377,0.000939805385955543
1,378,0
2,378,0
1,379,0
2,379,0
1,380,0
2,380,0
1,381,0
2,381,0
1,382,0
2,382,0
1,383,0
2,383,0
1,384,0
2,384,0
1,385,0
2,385,0
1,386,0
2,386,0
1,387,0
2,387,0
1,388,0
2,388,0
1,389,0
2,389,0
1,390,1.66666666666667
2,390,3.74145487309216e-09
1,391,0
2,391,0
1,392,0
2,392,0
1,393,0
2,393,0
1,394,0
2,394,0
1,395,0
2,395,0
1,396,0
2,396,0
1,397,0
2,397,0
1,398,0
2,398,0
1,399,0
2,399,0
1,400,0
2,400,0
1,401,0
2,401,0
1,402,0
2,402,0
1,403,1.75
2,403,1.85164623786179e-07
1,404,0
2,404,0
1,405,0
2,405,0
1,406,0
2,406,0
1,407,0
2,407,0
1,408,0
2,408,0
1,409,0
2,409,0
1,410,0
2,410,0
1,411,0
2,411,0
1,412,0
2,412,0
1,413,0
2,413,0
1,414,0
2,414,0
1,415,0
2,415,0
1,416,1.66666666666667
2,416,1.0390092215214e-06
1,417,1
2,417,1.79488716599386e-08
1,418,1.75
2,418,4.44038868120934e-08
1,419,0
2,419,0
1,420,0
2,420,0
1,421,0
2,421,0
1,422,0
2,422,0
1,423,0
2,423,0
1,424,0
2,424,0
1,425,0
2,425,0
1,426,0
2,426,0
1,427,0
2,427,0
1,428,0
2,428,0
1,429,0
2,429,0
1,430,0
2,430,0
1,431,0
2,431,0
1,432,3.3
2,432,2.0360314377875e-18
1,433,0
2,433,0
1,434,0
2,434,0
1,435,0
2,435,0
1,436,0
2,436,0
1,437,0
2,437,0
1,438,0
2,438,0
1,439,0
2,439,0
1,440,0
2,440,0
1,441,1.16666666666667
2,441,2.55695102610718e-05
1,442,0
2,442,0
1,443,2.11111111111111
2,443,8.42179045958215e-06
1,444,0
2,444,0
1,445,0
2,445,0
1,446,0
2,446,0
1,447,0
2,447,0
1,448,0
2,448,0
1,449,0
2,449,0
1,450,0
2,450,0
1,451,0
2,451,0
1,452,1
2,452,0.000225456981459476
1,453,5.2
2,453,3.17285901787722e-06
1,454,1.375
2,454,0.0250455123139421
1,455,0
2,455,0
1,456,0
2,456,0
1,457,0
2,457,0
1,458,0
2,458,0
1,459,0
2,459,0
1,460,0
2,460,0
1,461,0
2,461,0
1,462,0
2,462,0
1,463,1
2,463,1.60375802274893e-18
1,464,1.33333333333333
2,464,1.43454584708827e-09
1,465,1.83333333333333
2,465,0.0207859104865879
1,466,1.5
2,466,0.0704312998927769
1,467,0
2,467,0
1,468,0
2,468,0
1,469,0
2,469,0
1,470,0
2,470,0
1,471,0
2,471,0
1,472,0
2,472,0
1,473,0
2,473,0
1,474,0
2,474,0
1,475,0
2,475,0
1,476,0
2,476,0
1,477,1
2,477,0.000336197736658068
1,478,1.66666666666667
2,478,5.66545754091707e-05
1,479,9.4
2,479,2.58751574089928e-18
1,480,1.57142857142857
2,480,0.0287067108438382
1,481,1
2,481,0.0151268276309477
1,482,0
2,482,0
1,483,0
2,483,0
1,484,0
2,484,0
1,485,0
2,485,0
1,486,0
2,486,0
1,487,0
2,487,0
1,488,0
2,488,0
1,489,0
2,489,0
1,490,0
2,490,0
1,491,0
2,491,0
1,492,1
2,492,6.23157928930663e-05
1,493,2
2,493,0.0231398459309031
1,494,1.66666666666667
2,494,0.0279453711235188
1,495,0
2,495,0
1,496,0
2,496,0
1,497,0
2,497,0
1,498,0
2,498,0
1,499,0
2,499,0
1,500,0
2,500,0
1,501,0
2,501,0
1,502,0
2,502,0
1,503,0
2,503,0
1,504,0
2,504,0
1,505,1
2,505,1.60525076942118e-07
1,506,1.6
2,506,0.0590461699963435
1,507,1
2,507,0.0209376490520743
1,508,0
2,508,0
1,509,0
2,509,0
1,510,0
2,510,0
1,511,0
2,511,0
1,512,0
2,512,0
1,513,0
2,513,0
1,514,0
2,514,0
1,515,0
2,515,0
1,516,0
2,516,0
1,517,1.5
2,517,3.67400393457027e-05
1,518,4.77777777777778
2,518,0.00016582248282116
1,519,0
2,519,0
1,520,1
2,520,0.0877927674863365
1,521,1
2,521,0.0463558018846788
1,522,0
2,522,0
1,523,0
2,523,0
1,524,0
2,524,0
1,525,0
2,525,0
1,526,0
2,526,0
1,527,0
2,527,0
1,528,0
2,528,0
1,529,0
2,529,0
1,530,0
2,530,0
1,531,1
2,531,0.000849309199035924
1,532,1.42857142857143
2,532,1.96450932012831e-05
1,533,0
2,533,0
1,534,1.14285714285714
2,534,0.0403143566276041
1,535,1.2
2,535,0.0242555846923395
1,536,0
2,536,0
1,537,0
2,537,0
1,538,0
2,538,0
1,539,0
2,539,0
1,540,0
2,540,0
1,541,0
2,541,0
1,542,0
2,542,0
1,543,1.2
2,543,0.000163485746873922
1,544,1.5
2,544,2.87478684133231e-05
1,545,1
2,545,1.11343089480572e-18
1,546,20.6
2,546,0.335204446268672
1,547,1.4
2,547,0.114450212661227
1,548,1
2,548,0.00528020894730533
1,549,0
2,549,0
1,550,0
2,550,0
1,551,0
2,551,0
1,552,0
2,552,0
1,553,0
2,553,0
1,554,0
2,554,0
1,555,1.4
2,555,0.0061297522624852
1,556,1.5
2,556,0.00141014399785365
1,557,1.8
2,557,3.99984346476782e-05
1,558,5.3
2,558,0.239147499583114
1,559,1.66666666666667
2,559,0.181317890819995
1,560,1.2
2,560,0.0502633111244421
1,561,1
2,561,0.0102140958347751
1,562,0
2,562,0
1,563,0
2,563,0
1,564,0
2,564,0
1,565,0
2,565,0
1,566,0
2,566,0
1,567,1.42857142857143
2,567,0.000284924497576112
1,568,1.85714285714286
2,568,0.000352923725012414
1,569,6.1
2,569,0.00018834372358972
1,570,8.4
2,570,2.11922044993593e-05
1,571,0
2,571,0
1,572,2.125
2,572,0.165215523056094
1,573,1
2,573,0.0525386686351119
1,574,1.33333333333333
2,574,0.0498423221194565
1,575,0
2,575,0
1,576,0
2,576,0
1,577,0
2,577,0
1,578,0
2,578,0
1,579,0
2,579,0
1,580,1.66666666666667
2,580,0.00275051475412257
1,581,1.28571428571429
2,581,1.84399276046083e-18
1,582,0
2,582,0
1,583,3
2,583,2.20340073173312e-18
1,584,7.8
2,584,0.396919518183318
1,585,2.375
2,585,0.0859440046090992
1,586,1.16666666666667
2,586,0.0616998970644564
1,587,1.33333333333333
2,587,0.0779606743225375
1,588,0
2,588,0
1,589,0
2,589,0
1,590,0
2,590,0
1,591,1
2,591,0.0105389053088012
1,592,1
2,592,0.000191801699297938
1,593,4.2
2,593,1.9503704516707e-18
1,594,2
2,594,0.18353073232326
1,595,1.6
2,595,0.0867539505130689
1,596,1.5
2,596,0.0655360871310136
1,597,0
2,597,0
1,598,0
2,598,0
1,599,0
2,599,0
1,600,0
2,600,0
1,601,1
2,601,0.00202551366471096
1,602,16.8
2,602,0.837540729647196
1,603,3.125
2,603,0.14936412111818
1,604,1.8
2,604,0.118247223245861
1,605,2.75
2,605,0.10451577436839
1,606,0
2,606,0
1,607,0
2,607,0
1,608,0
2,608,0
1,609,0
2,609,0
1,610,1.5
2,610,5.65219850332058e-18
1,611,16.6
2,611,0.1
1,612,6.4
2,612,0.51847643581176
1,613,2.28571428571429
2,613,0.134807361349158
1,614,1.66666666666667
2,614,0.154898278733159
1,615,2
2,615,0.14655620610767
1,616,0
2,616,0
1,617,0
2,617,0
1,618,0
2,618,0
1,619,1.42857142857143
2,619,0.00193390754744972
1,620,1.875
2,620,0.00187013072916246
1,621,1
2,621,0.0014497984255089
1,622,3.9
2,622,0.4118560714315
1,623,1.5
2,623,0.169040403670936
1,624,1.8
2,624,0.0811087850574921
1,625,0
2,625,0
1,626,0
2,626,0
1,627,0
2,627,0
1,628,2
2,628,0.000476372592307133
1,629,1
2,629,5.09733559527449e-18
1,630,7
2,630,0.37127389891566
1,631,2
2,631,0.324853567140924
1,632,1
2,632,0.108720686840974
1,633,0
2,633,0
1,634,0
2,634,0
1,635,0
2,635,0
1,636,1.25
2,636,0.00486833577164804
1,637,0
2,637,0
1,638,4.11111111111111
2,638,0.337610498949736
1,639,1.5
2,639,0.352109912412859
1,640,1.66666666666667
2,640,0.0963232865980215
1,641,0
2,641,0
1,642,0
2,642,0
1,643,0
2,643,0
1,644,0
2,644,0
1,645,1
2,645,1.5663440461125e-05
1,646,1.85714285714286
2,646,0.224857986569053
1,647,1
2,647,0.174608065869108
1,648,0
2,648,0
1,649,0
2,649,0
1,650,0
2,650,0
1,651,1.5
2,651,0.00328166158900481
1,652,0
2,652,0
1,653,1
2,653,2.75779661228727e-18
1,654,1
2,654,0.0419154727166219
1,655,1
2,655,0.0276483680563177
1,656,1
2,656,0.0597101953528826
1,657,1
2,657,0.0285070256565518
1,658,1
2,658,0.0589343008954998
1,659,0
2,659,0
1,660,0
2,660,0
1,661,0
2,661,0
1,662,1
2,662,0.028839670515631
1,663,1
2,663,3.69893083308867e-05
1,664,0
2,664,0
1,665,0
2,665,0
1,666,1
2,666,0.000456132782678299
1,667,1
2,667,0.0272755432826145
1,668,1.5
2,668,0.0012792472708234
1,669,0
2,669,0
1,670,0
2,670,0
1,671,0
2,671,0
1,672,0
2,672,0
1,673,0
2,673,0
1,674,0
2,674,0
1,675,0
2,675,0
1,676,1
2,676,0.0331957875351433
1,677,0
2,677,0
1,678,0
2,678,0
1,679,1
2,679,0.00902744929069265
1,680,1.2
2,680,0.0101994806421667
1,681,1
2,681,5.78839252989861e-05
1,682,0
2,682,0
1,683,0
2,683,0
1,684,0
2,684,0
1,685,0
2,685,0
1,686,0
2,686,0
1,687,0
2,687,0
1,688,0
2,688,0
1,689,0
2,689,0
1,690,1
2,690,0.0369935637740711
1,691,0
2,691,0
1,692,0
2,692,0
1,693,0
2,693,0
1,694,1
2,694,0.00621858563915717
1,695,1.33333333333333
2,695,0.0687790440100108
1,696,1
2,696,0.00546847242264761
1,697,0
2,697,0
1,698,0
2,698,0
1,699,0
2,699,0
1,700,0
2,700,0
1,701,0
2,701,0
1,702,0
2,702,0
1,703,0
2,703,0
1,704,0
2,704,0
1,705,0
2,705,0
1,706,1
2,706,0.0193672689969385
1,707,1.5
2,707,0.0319354985319189
1,708,0
2,708,0
1,709,0
2,709,0
1,710,0
2,710,0
1,711,0
2,711,0
1,712,0
2,712,0
1,713,1
2,713,0.143606339867952
1,714,1.8
2,714,0.0166237729864463
1,715,1.33333333333333
2,715,0.0119129246081635
1,716,0
2,716,0
1,717,0
2,717,0
1,718,0
2,718,0
1,719,0
2,719,0
1,720,0
2,720,0
1,721,0
2,721,0
1,722,0
2,722,0
1,723,0
2,723,0
1,724,0
2,724,0
1,725,0
2,725,0
1,726,0
2,726,0
1,727,0
2,727,0
1,728,0
2,728,0
1,729,0
2,729,0
1,730,0
2,730,0
1,731,4.7
2,731,0.000713607657839911
