species,pu,amount
1,1,0
2,1,0
1,2,0
2,2,0
1,3,0
2,3,0
1,4,0
2,4,0
1,5,0
2,5,0
1,6,0
2,6,0
1,7,0
2,7,0
1,8,0
2,8,0
1,9,0
2,9,0
1,10,0
2,10,0
1,11,0
2,11,0
1,12,0
2,12,0
1,13,0
2,13,0
1,14,0
2,14,0
1,15,0
2,15,0
1,16,0
2,16,0
1,17,0
2,17,0
1,18,0
2,18,0
1,19,0
2,19,0
1,20,0
2,20,0
1,21,1
2,21,0.0321746331964507
1,22,1
2,22,0.023765488668895
1,23,0
2,23,0
1,24,0
2,24,0
1,25,0
2,25,0
1,26,0
2,26,0
1,27,0
2,27,0
1,28,0
2,28,0
1,29,0
2,29,0
1,30,0
2,30,0
1,31,0
2,31,0
1,32,0
2,32,0
1,33,0
2,33,0
1,34,1.5
2,34,0.00473680070900096
1,35,0
2,35,0
1,36,0
2,36,0
1,37,0
2,37,0
1,38,2.33333333333333
2,38,0.00140506005952545
1,39,0
2,39,0
1,40,0
2,40,0
1,41,0
2,41,0
1,42,0
2,42,0
1,43,0
2,43,0
1,44,0
2,44,0
1,45,1
2,45,0.00529983609249794
1,46,0
2,46,0
1,47,0
2,47,0
1,48,0
2,48,0
1,49,0
2,49,0
1,50,0
2,50,0
1,51,0
2,51,0
1,52,0
2,52,0
1,53,0
2,53,0
1,54,0
2,54,0
1,55,0
2,55,0
1,56,0
2,56,0
1,57,0
2,57,0
1,58,0
2,58,0
1,59,0
2,59,0
1,60,0
2,60,0
1,61,2.66666666666667
2,61,0.00137272781217952
1,62,1
2,62,0.000159248269997565
1,63,0
2,63,0
1,64,0
2,64,0
1,65,0
2,65,0
1,66,0
2,66,0
1,67,0
2,67,0
1,68,0
2,68,0
1,69,1
2,69,0.00514808298452693
1,70,2.5
2,70,0.00108212197292689
1,71,1
2,71,0.00154325988328042
1,72,0
2,72,0
1,73,0
2,73,0
1,74,0
2,74,0
1,75,0
2,75,0
1,76,0
2,76,0
1,77,2
2,77,0.00325744244365492
1,78,1.4
2,78,0.00145945322107614
1,79,1
2,79,0.000377277263867419
1,80,0
2,80,0
1,81,0
2,81,0
1,82,0
2,82,0
1,83,0
2,83,0
1,84,0
2,84,0
1,85,0
2,85,0
1,86,1
2,86,6.90805351424255e-05
1,87,0
2,87,0
1,88,0
2,88,0
1,89,0
2,89,0
1,90,0
2,90,0
1,91,0
2,91,0
1,92,0
2,92,0
1,93,0
2,93,0
1,94,0
2,94,0
1,95,1
2,95,0.00842880280232308
1,96,1
2,96,1.71270424792208e-05
1,97,1
2,97,1.28299033914251e-09
1,98,0
2,98,0
1,99,0
2,99,0
1,100,0
2,100,0
1,101,0
2,101,0
1,102,0
2,102,0
1,103,0
2,103,0
1,104,0
2,104,0
1,105,1
2,105,0.000505302105138091
1,106,0
2,106,0
1,107,0
2,107,0
1,108,0
2,108,0
1,109,0
2,109,0
1,110,0
2,110,0
1,111,0
2,111,0
1,112,0
2,112,0
1,113,1
2,113,0
1,114,0
2,114,0
1,115,0
2,115,0
1,116,0
2,116,0
1,117,0
2,117,0
1,118,7.4
2,118,0.189467263596823
1,119,0
2,119,0
1,120,0
2,120,0
1,121,0
2,121,0
1,122,0
2,122,0
1,123,1
2,123,3.85414447268344e-05
1,124,22
2,124,1
1,125,4
2,125,0.212116852712037
1,126,0
2,126,0
1,127,0
2,127,0
1,128,1.16666666666667
2,128,5.77808509790242e-07
1,129,0
2,129,0
1,130,0
2,130,0
1,131,0
2,131,0
1,132,5.6
2,132,0.250509913967152
1,133,8.3
2,133,0.338615969428225
1,134,0
2,134,0
1,135,0
2,135,0
1,136,0
2,136,0
1,137,0
2,137,0
1,138,1
2,138,0.000576742786110759
1,139,1.5
2,139,0.000443472172197084
1,140,1
2,140,0.00556202134227378
1,141,6.1
2,141,0.000805255119447327
1,142,2.83333333333333
2,142,0.000802267513462033
1,143,0
2,143,0
1,144,1
2,144,0.000431700276175259
1,145,0
2,145,0
1,146,1.875
2,146,0.000235548389839203
1,147,0
2,147,0
1,148,2.33333333333333
2,148,0.0146896491023764
1,149,0
2,149,0
1,150,0
2,150,0
1,151,0
2,151,0
1,152,0
2,152,0
1,153,0
2,153,0
1,154,1
2,154,0.0133121555336094
1,155,0
2,155,0
1,156,0
2,156,0
1,157,0
2,157,0
1,158,0
2,158,0
1,159,1
2,159,0.00731232636159056
1,160,5.55555555555556
2,160,0.000197726757963799
1,161,0
2,161,0
1,162,0
2,162,0
1,163,1
2,163,1.36659550888725e-20
1,164,1.5
2,164,8.81886456331519e-05
1,165,1
2,165,0.000187896063200309
1,166,0
2,166,0
1,167,0
2,167,0
1,168,1
2,168,0
1,169,1
2,169,0.000149718063018425
1,170,0
2,170,0
1,171,0
2,171,0
1,172,1
2,172,0.000902635363483853
1,173,1
2,173,1.33745736172168e-05
1,174,0
2,174,0
1,175,0
2,175,0
1,176,0
2,176,0
1,177,1
2,177,2.35425203143136e-06
1,178,0
2,178,0
1,179,0
2,179,0
1,180,0
2,180,0
1,181,0
2,181,0
1,182,1
2,182,2.66293039092703e-05
1,183,0
2,183,0
1,184,0
2,184,0
1,185,0
2,185,0
1,186,1.25
2,186,1.86051248118648e-07
1,187,0
2,187,0
1,188,0
2,188,0
1,189,1
2,189,2.2880527747691e-06
1,190,0
2,190,0
1,191,0
2,191,0
1,192,1
2,192,0.000609660126923557
1,193,16.9
2,193,7.20634043671909e-05
1,194,3.22222222222222
2,194,6.53345472427237e-06
1,195,0
2,195,0
1,196,1
2,196,1.0196638572322e-18
1,197,0
2,197,0
1,198,0
2,198,0
1,199,0
2,199,0
1,200,0
2,200,0
1,201,0
2,201,0
1,202,0
2,202,0
1,203,0
2,203,0
1,204,1
2,204,1.7710093732785e-07
1,205,0
2,205,0
1,206,1.28571428571429
2,206,1.37278425300089e-05
1,207,0
2,207,0
1,208,0
2,208,0
1,209,0
2,209,0
1,210,0
2,210,0
1,211,0
2,211,0
1,212,0
2,212,0
1,213,0
2,213,0
1,214,1
2,214,1.28104660143524e-06
1,215,0
2,215,0
1,216,0
2,216,0
1,217,1
2,217,3.78063973456308e-10
1,218,1
2,218,0.000253504194652012
1,219,2
2,219,1.73721323971693e-18
1,220,1
2,220,1.01291691051002e-06
1,221,0
2,221,0
1,222,0
2,222,0
1,223,0
2,223,0
1,224,0
2,224,0
1,225,0
2,225,0
1,226,0
2,226,0
1,227,1
2,227,1.89417907213716e-05
1,228,0
2,228,0
1,229,0
2,229,0
1,230,0
2,230,0
1,231,1
2,231,1.3340897885027e-05
1,232,0
2,232,0
1,233,0
2,233,0
1,234,0
2,234,0
1,235,0
2,235,0
1,236,0
2,236,0
1,237,0
2,237,0
1,238,0
2,238,0
1,239,0
2,239,0
1,240,0
2,240,0
1,241,0
2,241,0
1,242,0
2,242,0
1,243,0
2,243,0
1,244,1
2,244,2.75987390007387e-08
1,245,0
2,245,0
1,246,0
2,246,0
1,247,0
2,247,0
1,248,0
2,248,0
1,249,0
2,249,0
1,250,0
2,250,0
1,251,0
2,251,0
1,252,0
2,252,0
1,253,0
2,253,0
1,254,1
2,254,5.41038039955583e-07
1,255,0
2,255,0
1,256,0
2,256,0
1,257,0
2,257,0
1,258,0
2,258,0
1,259,0
2,259,0
1,260,1
2,260,6.91863674939716e-09
1,261,1.66666666666667
2,261,1.55379637618254e-07
1,262,1.5
2,262,5.07652081079444e-07
1,263,1
2,263,4.94775856816112e-09
1,264,0
2,264,0
1,265,0
2,265,0
1,266,0
2,266,0
1,267,0
2,267,0
1,268,0
2,268,0
1,269,0
2,269,0
1,270,0
2,270,0
1,271,0
2,271,0
1,272,0
2,272,0
1,273,0
2,273,0
1,274,0
2,274,0
1,275,1
2,275,1.21899041543997e-07
1,276,1
2,276,3.23017911689829e-08
1,277,1.5
2,277,3.3049558813641e-05
1,278,0
2,278,0
1,279,0
2,279,0
1,280,0
2,280,0
1,281,0
2,281,0
1,282,1.57142857142857
2,282,0.000474109102212898
1,283,1.33333333333333
2,283,0.000441758786042059
1,284,0
2,284,0
1,285,0
2,285,0
1,286,0
2,286,0
1,287,0
2,287,0
1,288,0
2,288,0
1,289,0
2,289,0
1,290,0
2,290,0
1,291,0
2,291,0
1,292,0
2,292,0
1,293,2.4
2,293,2.27535235361567e-06
1,294,2.25
2,294,0.000357876675116575
1,295,2.6
2,295,0.0014479271520676
1,296,2.625
2,296,0.00133275399855986
1,297,2.28571428571429
2,297,2.40455723640084e-06
1,298,0
2,298,0
1,299,0
2,299,0
1,300,0
2,300,0
1,301,2
2,301,1.71379325399164e-05
1,302,0
2,302,0
1,303,0
2,303,0
1,304,0
2,304,0
1,305,1.85714285714286
2,305,0.000697853672872396
1,306,2
2,306,0.000579814189499639
1,307,1.5
2,307,3.22140855784509e-06
1,308,1.6
2,308,1.78808386658797e-06
1,309,2.57142857142857
2,309,1.88827471980741e-06
1,310,1.5
2,310,0.00104297776427424
1,311,0
2,311,0
1,312,0
2,312,0
1,313,1
2,313,1.70251229834654e-07
1,314,1.625
2,314,4.45034092836321e-05
1,315,0
2,315,0
1,316,0
2,316,0
1,317,1
2,317,5.64272392939869e-07
1,318,1.6
2,318,0.000499201299825891
1,319,1.5
2,319,1.75430181480796e-06
1,320,1.5
2,320,9.43977057857767e-08
1,321,1.16666666666667
2,321,0.000440289785047532
1,322,0
2,322,0
1,323,0
2,323,0
1,324,1
2,324,6.7596188377586e-18
1,325,0
2,325,0
1,326,0
2,326,0
1,327,0
2,327,0
1,328,0
2,328,0
1,329,0
2,329,0
1,330,0
2,330,0
1,331,0
2,331,0
1,332,1
2,332,4.56302164983051e-10
1,333,1
2,333,1.23603327839933e-08
1,334,1
2,334,1.73079734196349e-08
1,335,0
2,335,0
1,336,1
2,336,2.14395224453383e-05
1,337,0
2,337,0
1,338,0
2,338,0
1,339,0
2,339,0
1,340,0
2,340,0
1,341,0
2,341,0
1,342,0
2,342,0
1,343,0
2,343,0
1,344,0
2,344,0
1,345,0
2,345,0
1,346,0
2,346,0
1,347,0
2,347,0
1,348,0
2,348,0
1,349,0
2,349,0
1,350,0
2,350,0
1,351,0
2,351,0
1,352,0
2,352,0
1,353,0
2,353,0
1,354,0
2,354,0
1,355,0
2,355,0
1,356,0
2,356,0
1,357,0
2,357,0
1,358,0
2,358,0
1,359,0
2,359,0
1,360,0
2,360,0
1,361,0
2,361,0
1,362,0
2,362,0
1,363,0
2,363,0
1,364,0
2,364,0
1,365,0
2,365,0
1,366,0
2,366,0
1,367,0
2,367,0
1,368,0
2,368,0
1,369,0
2,369,0
1,370,0
2,370,0
1,371,0
2,371,0
1,372,0
2,372,0
1,373,0
2,373,0
1,374,0
2,374,0
1,375,0
2,375,0
1,376,0
2,376,0
1,377,0
2,377,0
1,378,0
2,378,0
1,379,0
2,379,0
1,380,0
2,380,0
1,381,0
2,381,0
1,382,0
2,382,0
1,383,0
2,383,0
1,384,0
2,384,0
1,385,0
2,385,0
1,386,0
2,386,0
1,387,0
2,387,0
1,388,0
2,388,0
1,389,0
2,389,0
1,390,1
2,390,1.04918400807241e-08
1,391,0
2,391,0
1,392,0
2,392,0
1,393,0
2,393,0
1,394,0
2,394,0
1,395,0
2,395,0
1,396,0
2,396,0
1,397,0
2,397,0
1,398,0
2,398,0
1,399,0
2,399,0
1,400,0
2,400,0
1,401,0
2,401,0
1,402,0
2,402,0
1,403,0
2,403,0
1,404,0
2,404,0
1,405,0
2,405,0
1,406,0
2,406,0
1,407,0
2,407,0
1,408,0
2,408,0
1,409,0
2,409,0
1,410,0
2,410,0
1,411,0
2,411,0
1,412,0
2,412,0
1,413,0
2,413,0
1,414,0
2,414,0
1,415,0
2,415,0
1,416,1
2,416,3.6390910701163e-09
1,417,0
2,417,0
1,418,1
2,418,1.90003962933931e-10
1,419,1
2,419,3.37111171226761e-12
1,420,0
2,420,0
1,421,0
2,421,0
1,422,0
2,422,0
1,423,0
2,423,0
1,424,0
2,424,0
1,425,0
2,425,0
1,426,0
2,426,0
1,427,0
2,427,0
1,428,1
2,428,1.39434644989506e-09
1,429,0
2,429,0
1,430,1
2,430,3.94959801506388e-10
1,431,1.5
2,431,5.27743158218755e-18
1,432,0
2,432,0
1,433,1.5
2,433,3.10363656919567e-11
1,434,0
2,434,0
1,435,0
2,435,0
1,436,0
2,436,0
1,437,0
2,437,0
1,438,0
2,438,0
1,439,0
2,439,0
1,440,0
2,440,0
1,441,1
2,441,7.67430830706247e-10
1,442,3.6
2,442,1.69870297271216e-09
1,443,1.2
2,443,9.53398855637748e-06
1,444,1
2,444,2.79890467500941e-17
1,445,0
2,445,0
1,446,0
2,446,0
1,447,0
2,447,0
1,448,0
2,448,0
1,449,0
2,449,0
1,450,0
2,450,0
1,451,0
2,451,0
1,452,1
2,452,1.54925262730431e-10
1,453,2.25
2,453,2.30734487394216e-06
1,454,1
2,454,3.49788911440027e-12
1,455,0
2,455,0
1,456,0
2,456,0
1,457,0
2,457,0
1,458,0
2,458,0
1,459,0
2,459,0
1,460,0
2,460,0
1,461,0
2,461,0
1,462,0
2,462,0
1,463,1
2,463,3.35736420391655e-11
1,464,0
2,464,0
1,465,0
2,465,0
1,466,1
2,466,5.77659352697387e-10
1,467,1.25
2,467,3.47608854445077e-10
1,468,1
2,468,1.94749602122855e-12
1,469,2
2,469,1.43276276055213e-09
1,470,0
2,470,0
1,471,0
2,471,0
1,472,0
2,472,0
1,473,0
2,473,0
1,474,0
2,474,0
1,475,0
2,475,0
1,476,0
2,476,0
1,477,0
2,477,0
1,478,0
2,478,0
1,479,0
2,479,0
1,480,1
2,480,2.24219670251408e-05
1,481,1
2,481,3.6746128980915e-12
1,482,1
2,482,3.2166072550832e-09
1,483,1
2,483,5.95562631479462e-10
1,484,1.25
2,484,2.08564670061368e-08
1,485,0
2,485,0
1,486,0
2,486,0
1,487,0
2,487,0
1,488,0
2,488,0
1,489,0
2,489,0
1,490,0
2,490,0
1,491,0
2,491,0
1,492,1.5
2,492,6.61713360107655e-10
1,493,0
2,493,0
1,494,1
2,494,3.36526264558706e-09
1,495,1
2,495,2.15996014378382e-10
1,496,1.5
2,496,6.96907778169963e-10
1,497,1
2,497,1.3742476818184e-08
1,498,1
2,498,1.29519362792065e-11
1,499,0
2,499,0
1,500,0
2,500,0
1,501,0
2,501,0
1,502,0
2,502,0
1,503,1
2,503,1.02569031432077e-12
1,504,1.66666666666667
2,504,8.26202350769494e-09
1,505,1.33333333333333
2,505,3.00087430813211e-08
1,506,1
2,506,2.83056311241683e-12
1,507,1
2,507,0
1,508,1
2,508,1.92118958185176e-09
1,509,3
2,509,3.00749263938008e-10
1,510,1
2,510,8.52416089486395e-06
1,511,0
2,511,0
1,512,0
2,512,0
1,513,0
2,513,0
1,514,0
2,514,0
1,515,0
2,515,0
1,516,0
2,516,0
1,517,0
2,517,0
1,518,2.2
2,518,1.5574030846456e-05
1,519,1
2,519,2.48102912215412e-08
1,520,0
2,520,0
1,521,1
2,521,3.71118620925358e-08
1,522,1
2,522,3.65229171078652e-06
1,523,1
2,523,6.9580594885184e-07
1,524,1
2,524,1.37543532907784e-12
1,525,1
2,525,7.00640627838394e-11
1,526,0
2,526,0
1,527,0
2,527,0
1,528,0
2,528,0
1,529,3
2,529,1.52649939726309e-05
1,530,1.25
2,530,4.22349234652842e-09
1,531,0
2,531,0
1,532,0
2,532,0
1,533,1
2,533,0
1,534,0
2,534,0
1,535,1
2,535,1.05735544528486e-09
1,536,1
2,536,1.11483708676455e-12
1,537,1
2,537,4.22827754698955e-09
1,538,1
2,538,2.64195732937689e-05
1,539,0
2,539,0
1,540,0
2,540,0
1,541,0
2,541,0
1,542,2
2,542,3.89262099239769e-08
1,543,1
2,543,5.0264790243127e-08
1,544,1
2,544,2.09987453014524e-10
1,545,1
2,545,0
1,546,0
2,546,0
1,547,0
2,547,0
1,548,0
2,548,0
1,549,1
2,549,5.75057699192018e-10
1,550,1
2,550,2.26457992125928e-12
1,551,1
2,551,4.85910015649253e-10
1,552,0
2,552,0
1,553,0
2,553,0
1,554,1.25
2,554,1.86259842129363e-09
1,555,1.83333333333333
2,555,1.81527914158527e-05
1,556,1
2,556,1.92788926603388e-05
1,557,1.6
2,557,1.19031263950293e-06
1,558,0
2,558,0
1,559,0
2,559,0
1,560,0
2,560,0
1,561,1
2,561,1.48311705663178e-11
1,562,1.5
2,562,9.22920214815007e-06
1,563,1
2,563,2.99900977507015e-11
1,564,0
2,564,0
1,565,0
2,565,0
1,566,1.4
2,566,1.27683478184017e-05
1,567,1.25
2,567,3.1609813040205e-08
1,568,1
2,568,2.64053816118357e-05
1,569,1.85714285714286
2,569,7.08076569645405e-11
1,570,5.3
2,570,5.52805103525176e-08
1,571,0
2,571,0
1,572,0
2,572,0
1,573,0
2,573,0
1,574,1
2,574,2.12508400312739e-11
1,575,1
2,575,5.67824610433809e-09
1,576,1
2,576,1.54373647645859e-05
1,577,0
2,577,0
1,578,0
2,578,0
1,579,1.5
2,579,6.042939882639e-11
1,580,2
2,580,1.19380605828993e-09
1,581,0
2,581,0
1,582,0
2,582,0
1,583,1.25
2,583,9.9173850032486e-15
1,584,0
2,584,0
1,585,0
2,585,0
1,586,0
2,586,0
1,587,2.66666666666667
2,587,2.04217563624111e-11
1,588,1
2,588,0
1,589,0
2,589,0
1,590,0
2,590,0
1,591,1
2,591,4.39863204831466e-11
1,592,1
2,592,2.51677139545011e-11
1,593,0
2,593,0
1,594,0
2,594,0
1,595,0
2,595,0
1,596,1.25
2,596,3.62797034862932e-10
1,597,1.16666666666667
2,597,1.13854230402255e-09
1,598,1.33333333333333
2,598,1.37548780792136e-09
1,599,0
2,599,0
1,600,0
2,600,0
1,601,1
2,601,0
1,602,0
2,602,0
1,603,0
2,603,0
1,604,0
2,604,0
1,605,1
2,605,1.93170407083102e-09
1,606,1.33333333333333
2,606,1.24886569620961e-09
1,607,1
2,607,6.11623285662339e-12
1,608,1
2,608,1.02619141344399e-11
1,609,1.4
2,609,2.66659602081546e-11
1,610,1
2,610,0
1,611,0
2,611,0
1,612,0
2,612,0
1,613,0
2,613,0
1,614,0
2,614,0
1,615,2
2,615,5.00556235531531e-06
1,616,1.5
2,616,1.93532847830878e-09
1,617,1.33333333333333
2,617,4.84023697303896e-09
1,618,1
2,618,1.608200896982e-11
1,619,1
2,619,3.36217154048622e-11
1,620,0
2,620,0
1,621,0
2,621,0
1,622,0
2,622,0
1,623,0
2,623,0
1,624,1
2,624,5.18037334987252e-13
1,625,1.2
2,625,5.28512853204645e-10
1,626,1
2,626,7.36051200709627e-13
1,627,1.25
2,627,1.69811175009948e-09
1,628,1
2,628,6.16546359835647e-11
1,629,0
2,629,0
1,630,0
2,630,0
1,631,0
2,631,0
1,632,0
2,632,0
1,633,1.75
2,633,6.29576211864621e-12
1,634,1
2,634,1.05133504894405e-11
1,635,0
2,635,0
1,636,1
2,636,8.36597249601547e-11
1,637,0
2,637,0
1,638,0
2,638,0
1,639,0
2,639,0
1,640,1
2,640,1.47901868424082e-17
1,641,0
2,641,0
1,642,1
2,642,3.46130556236385e-09
1,643,1.33333333333333
2,643,1.63270484589989e-11
1,644,0
2,644,0
1,645,1
2,645,0
1,646,0
2,646,0
1,647,0
2,647,0
1,648,0
2,648,0
1,649,1.5
2,649,6.58661463778448e-12
1,650,1
2,650,5.18114781196373e-09
1,651,1.16666666666667
2,651,8.49606907022927e-06
1,652,0
2,652,0
1,653,0
2,653,0
1,654,0
2,654,0
1,655,1
2,655,6.71743417609251e-07
1,656,0
2,656,0
1,657,1
2,657,4.56931440700366e-11
1,658,0
2,658,0
1,659,1
2,659,2.80894746124638e-10
1,660,0
2,660,0
1,661,1
2,661,4.25141574865428e-12
1,662,1
2,662,2.65631896515044e-17
1,663,0
2,663,0
1,664,0
2,664,0
1,665,0
2,665,0
1,666,0
2,666,0
1,667,0
2,667,0
1,668,1
2,668,0
1,669,0
2,669,0
1,670,0
2,670,0
1,671,0
2,671,0
1,672,0
2,672,0
1,673,1
2,673,3.2658288668624e-18
1,674,0
2,674,0
1,675,0
2,675,0
1,676,1
2,676,0
1,677,0
2,677,0
1,678,0
2,678,0
1,679,1
2,679,1.4318408235581e-12
1,680,1
2,680,5.76787580846653e-09
1,681,0
2,681,0
1,682,0
2,682,0
1,683,0
2,683,0
1,684,0
2,684,0
1,685,0
2,685,0
1,686,0
2,686,0
1,687,0
2,687,0
1,688,0
2,688,0
1,689,1
2,689,5.44115559474431e-06
1,690,1
2,690,2.21486320925923e-10
1,691,0
2,691,0
1,692,1
2,692,2.94135223364906e-12
1,693,0
2,693,0
1,694,1
2,694,4.18774950546025e-13
1,695,1
2,695,0.000139828077761161
1,696,0
2,696,0
1,697,0
2,697,0
1,698,0
2,698,0
1,699,0
2,699,0
1,700,0
2,700,0
1,701,0
2,701,0
1,702,0
2,702,0
1,703,0
2,703,0
1,704,0
2,704,0
1,705,0
2,705,0
1,706,0
2,706,0
1,707,1.5
2,707,5.1931070854005e-12
1,708,0
2,708,0
1,709,0
2,709,0
1,710,0
2,710,0
1,711,0
2,711,0
1,712,0
2,712,0
1,713,0
2,713,0
1,714,1.5
2,714,7.63961732533379e-10
1,715,1
2,715,1.12185028263113e-17
1,716,0
2,716,0
1,717,1.28571428571429
2,717,4.65191857105153e-10
1,718,0
2,718,0
1,719,1
2,719,2.64859188301284e-13
1,720,1.55555555555556
2,720,5.95259797072982e-06
1,721,0
2,721,0
1,722,0
2,722,0
1,723,0
2,723,0
1,724,0
2,724,0
1,725,0
2,725,0
1,726,0
2,726,0
1,727,0
2,727,0
1,728,1
2,728,5.9553665633018e-13
1,729,2.375
2,729,3.25305475423895e-09
1,730,1.5
2,730,1.82642993488417e-10
1,731,1.66666666666667
2,731,7.57121225687644e-10
