species,pu,amount
1,1,0
2,1,0
3,1,0
4,1,0
5,1,146.5
6,1,6.66907815627903e-05
1,2,0
2,2,0
3,2,0
4,2,0
5,2,3.57142857142857
6,2,2.41760709275226e-05
1,3,0
2,3,0
3,3,0
4,3,0
5,3,8
6,3,2.89771436916162e-05
1,4,0
2,4,0
3,4,0
4,4,0
5,4,15.4444444444444
6,4,8.71953582017426e-06
1,5,0
2,5,0
3,5,0
4,5,0
5,5,38.5
6,5,6.90641045254203e-06
1,6,0
2,6,0
3,6,0
4,6,0
5,6,28.7
6,6,6.00835408647916e-06
1,7,0
2,7,0
3,7,0
4,7,0
5,7,2
6,7,3.8644726696145e-06
1,8,0
2,8,0
3,8,0
4,8,0
5,8,1
6,8,9.82117625429409e-06
1,9,0
2,9,0
3,9,0
4,9,0
5,9,1.55555555555556
6,9,9.09761630400644e-06
1,10,0
2,10,0
3,10,1
4,10,0.00972684255101017
5,10,2
6,10,2.34550832907168e-05
1,11,0
2,11,0
3,11,0
4,11,0
5,11,5.42857142857143
6,11,1.21195439330865e-06
1,12,0
2,12,0
3,12,0
4,12,0
5,12,7.44444444444444
6,12,1.65748086510058e-05
1,13,0
2,13,0
3,13,0
4,13,0
5,13,15.3
6,13,9.94888046618748e-06
1,14,0
2,14,0
3,14,0
4,14,0
5,14,35.6
6,14,1.14640869486661e-05
1,15,0
2,15,0
3,15,0
4,15,0
5,15,49.1
6,15,9.49914094329165e-06
1,16,0
2,16,0
3,16,0
4,16,0
5,16,29.7
6,16,4.29211250698931e-06
1,17,0
2,17,0
3,17,0
4,17,0
5,17,9.6
6,17,7.55311702423752e-06
1,18,0
2,18,0
3,18,0
4,18,0
5,18,3.25
6,18,9.5608380072549e-06
1,19,0
2,19,0
3,19,1
4,19,0.00230294255367368
5,19,2.25
6,19,3.28879528012741e-06
1,20,0
2,20,0
3,20,0
4,20,0
5,20,4.4
6,20,1.01924773965296e-05
1,21,1
2,21,6.61187386369882e-21
3,21,4.9
4,21,0.00562568785474123
5,21,1
6,21,1.07860973630881e-06
1,22,0
2,22,0
3,22,1.66666666666667
4,22,0.0021538757153186
5,22,1
6,22,1.50252201924142e-07
1,23,0
2,23,0
3,23,0
4,23,0
5,23,7.88888888888889
6,23,2.45195391773092e-05
1,24,0
2,24,0
3,24,0
4,24,0
5,24,6.125
6,24,9.60540359797731e-06
1,25,0
2,25,0
3,25,0
4,25,0
5,25,6.8
6,25,7.33534526412674e-06
1,26,0
2,26,0
3,26,0
4,26,0
5,26,9.66666666666667
6,26,1.00623938304536e-05
1,27,0
2,27,0
3,27,0
4,27,0
5,27,12.2
6,27,1.53328189716289e-05
1,28,0
2,28,0
3,28,0
4,28,0
5,28,21.5
6,28,1.51329479882758e-05
1,29,0
2,29,0
3,29,0
4,29,0
5,29,49.4
6,29,1.82251035093666e-05
1,30,0
2,30,0
3,30,0
4,30,0
5,30,19.3
6,30,1.58924895560593e-05
1,31,0
2,31,0
3,31,0
4,31,0
5,31,4.2
6,31,2.67103139827057e-06
1,32,0
2,32,0
3,32,0
4,32,0
5,32,2.14285714285714
6,32,2.6810931094125e-06
1,33,0
2,33,0
3,33,1
4,33,0.0241525909280007
5,33,2.33333333333333
6,33,3.49903423317892e-06
1,34,1.16666666666667
2,34,5.2476032158873e-18
3,34,3.5
4,34,0.00910502103364343
5,34,1
6,34,6.51936161845592e-05
1,35,0
2,35,0
3,35,0
4,35,0
5,35,21.8
6,35,9.04155685937469e-05
1,36,0
2,36,0
3,36,0
4,36,0
5,36,4.57142857142857
6,36,2.66266578851036e-05
1,37,0
2,37,0
3,37,0
4,37,0
5,37,5.66666666666667
6,37,8.19077237399393e-06
1,38,0
2,38,0
3,38,7
4,38,0.00246573712911404
5,38,8.375
6,38,8.42376552264369e-06
1,39,0
2,39,0
3,39,1
4,39,0.000277670118419852
5,39,8.6
6,39,1.65424246044256e-05
1,40,0
2,40,0
3,40,0
4,40,0
5,40,4.66666666666667
6,40,1.54959709978596e-05
1,41,0
2,41,0
3,41,0
4,41,0
5,41,5.6
6,41,1.21860980323624e-05
1,42,0
2,42,0
3,42,0
4,42,0
5,42,5.5
6,42,6.6061870793588e-06
1,43,0
2,43,0
3,43,1.14285714285714
4,43,0.000581589003012219
5,43,1
6,43,2.34693622887622e-07
1,44,0
2,44,0
3,44,1
4,44,0.00485817313804369
5,44,2
6,44,5.92173082473343e-06
1,45,1
2,45,1.63778564445992e-18
3,45,1.88888888888889
4,45,0.01603656330572
5,45,1
6,45,1.32525333751093e-06
1,46,0
2,46,0
3,46,0
4,46,0
5,46,31.2
6,46,8.44265885513968e-05
1,47,0
2,47,0
3,47,0
4,47,0
5,47,3.28571428571429
6,47,6.37405125903068e-06
1,48,0
2,48,0
3,48,0
4,48,0
5,48,3.71428571428571
6,48,5.1370928111831e-06
1,49,0
2,49,0
3,49,0
4,49,0
5,49,21.9
6,49,2.30134641575786e-05
1,50,0
2,50,0
3,50,0
4,50,0
5,50,50.4
6,50,2.93173131220488e-05
1,51,0
2,51,0
3,51,0
4,51,0
5,51,16
6,51,1.99430675854783e-05
1,52,0
2,52,0
3,52,0
4,52,0
5,52,2.11111111111111
6,52,1.20294846774833e-05
1,53,0
2,53,0
3,53,1
4,53,7.52841053127193e-05
5,53,1.16666666666667
6,53,9.321812691614e-06
1,54,0
2,54,0
3,54,1
4,54,0.00394191850256196
5,54,0
6,54,0
1,55,0
2,55,0
3,55,1
4,55,0.000816985841904536
5,55,0
6,55,0
1,56,0
2,56,0
3,56,0
4,56,0
5,56,36.4444444444444
6,56,3.00716252914029e-05
1,57,0
2,57,0
3,57,0
4,57,0
5,57,8.4
6,57,4.41032546717223e-05
1,58,0
2,58,0
3,58,0
4,58,0
5,58,3
6,58,6.92524619648297e-06
1,59,0
2,59,0
3,59,0
4,59,0
5,59,2
6,59,9.13593893935871e-06
1,60,0
2,60,0
3,60,0
4,60,0
5,60,6.77777777777778
6,60,1.39984815958225e-05
1,61,0
2,61,0
3,61,3.28571428571429
4,61,0.00148825414284637
5,61,7.77777777777778
6,61,1.32160918713906e-05
1,62,0
2,62,0
3,62,6.5
4,62,0.000897724970079817
5,62,3
6,62,1.91595308681857e-05
1,63,1.5
2,63,3.35281821894787e-19
3,63,2.8
4,63,0.00164018454885574
5,63,1
6,63,5.14148337024185e-08
1,64,0
2,64,0
3,64,0
4,64,0
5,64,204.2
6,64,2.44095072860996e-05
1,65,0
2,65,0
3,65,0
4,65,0
5,65,108.666666666667
6,65,3.10669709060039e-05
1,66,0
2,66,0
3,66,0
4,66,0
5,66,21.2
6,66,4.919627506725e-05
1,67,0
2,67,0
3,67,0
4,67,0
5,67,2.8
6,67,7.43429487678067e-06
1,68,0
2,68,0
3,68,0
4,68,0
5,68,1
6,68,2.00240346984887e-08
1,69,0
2,69,0
3,69,12.3
4,69,0.00248668378576469
5,69,1.2
6,69,9.64114126995942e-07
1,70,0
2,70,0
3,70,55.1
4,70,0.00210510443652286
5,70,1
6,70,2.20167028590267e-06
1,71,18.2
2,71,1.4708908090216e-18
3,71,17.2
4,71,0.000875271207403181
5,71,0
6,71,0
1,72,1.28571428571429
2,72,3.12286778224003e-18
3,72,0
4,72,0
5,72,0
6,72,0
1,73,0
2,73,0
3,73,0
4,73,0
5,73,119.2
6,73,3.47182779949446e-05
1,74,0
2,74,0
3,74,0
4,74,0
5,74,27.9
6,74,5.25781414157742e-05
1,75,0
2,75,0
3,75,0
4,75,0
5,75,2
6,75,2.1461194517371e-05
1,76,0
2,76,0
3,76,0
4,76,0
5,76,0
6,76,0
1,77,0
2,77,0
3,77,8
4,77,0.00136089597130114
5,77,0
6,77,0
1,78,355.5
2,78,7.69239742300672e-18
3,78,43.8
4,78,0.00213467694242213
5,78,0
6,78,0
1,79,0
2,79,0
3,79,2
4,79,0.000141967822285498
5,79,5.9
6,79,0.000748460166344618
1,80,0
2,80,0
3,80,0
4,80,0
5,80,39.1
6,80,8.6171230630493e-05
1,81,0
2,81,0
3,81,0
4,81,0
5,81,101.333333333333
6,81,3.23956852775474e-05
1,82,0
2,82,0
3,82,0
4,82,0
5,82,63.2
6,82,5.19866354056356e-05
1,83,0
2,83,0
3,83,0
4,83,0
5,83,29.4
6,83,6.45249024674983e-05
1,84,0
2,84,0
3,84,0
4,84,0
5,84,2
6,84,1.80024866087616e-05
1,85,0
2,85,0
3,85,1
4,85,2.82982613573286e-05
5,85,0
6,85,0
1,86,4.1
2,86,3.24499612183513e-18
3,86,1.4
4,86,0.00103315344971561
5,86,0
6,86,0
1,87,0
2,87,0
3,87,2.9
4,87,0.00145999311750188
5,87,16.6
6,87,0.000435594968587404
1,88,0
2,88,0
3,88,0
4,88,0
5,88,47.7
6,88,0.000156077871630789
1,89,0
2,89,0
3,89,0
4,89,0
5,89,108.888888888889
6,89,3.33804248709535e-05
1,90,0
2,90,0
3,90,0
4,90,0
5,90,83.6
6,90,6.44216905534619e-05
1,91,0
2,91,0
3,91,0
4,91,0
5,91,35.2
6,91,6.09491535622282e-05
1,92,0
2,92,0
3,92,1
4,92,0.000355793260526164
5,92,1.75
6,92,2.44601930331788e-05
1,93,1.85714285714286
2,93,2.0500454451364e-18
3,93,1
4,93,9.69552274616098e-05
5,93,0
6,93,0
1,94,9.5
2,94,4.02850100174236e-18
3,94,1
4,94,0.000247521363893363
5,94,0
6,94,0
1,95,126.9
2,95,6.23140657669715e-18
3,95,3.55555555555556
4,95,0.0274474443417292
5,95,0
6,95,0
1,96,30.2
2,96,6.3625547162394e-18
3,96,5.9
4,96,0.00771573160831281
5,96,25.1
6,96,0.00651620771717877
1,97,0
2,97,0
3,97,1.25
4,97,0.000745726844278539
5,97,10.9
6,97,0.000618412968238799
1,98,0
2,98,0
3,98,0
4,98,0
5,98,39.9
6,98,0.000308858331005938
1,99,0
2,99,0
3,99,0
4,99,0
5,99,61.9
6,99,6.24145251338147e-05
1,100,0
2,100,0
3,100,0
4,100,0
5,100,59.1
6,100,6.13583590322553e-05
1,101,0
2,101,0
3,101,1.5
4,101,0.000114596313363152
5,101,10.5
6,101,5.32352210057001e-05
1,102,0
2,102,0
3,102,1.66666666666667
4,102,0.000222977457381614
5,102,0
6,102,0
1,103,2.66666666666667
2,103,2.63597952477964e-18
3,103,0
4,103,0
5,103,0
6,103,0
1,104,14.4
2,104,4.79567602819525e-18
3,104,0
4,104,0
5,104,0
6,104,0
1,105,3.5
2,105,6.76869601831523e-19
3,105,4.8
4,105,0.00114078216516208
5,105,4
6,105,5.03424172079419e-07
1,106,0
2,106,0
3,106,0
4,106,0
5,106,38.5555555555556
6,106,7.54015963764766e-05
1,107,0
2,107,0
3,107,0
4,107,0
5,107,65
6,107,2.63547839044154e-05
1,108,0
2,108,0
3,108,1
4,108,4.38728954924495e-06
5,108,15.4
6,108,3.81548428562372e-05
1,109,1.5
2,109,2.54225484156935e-18
3,109,1
4,109,0.000111669086621561
5,109,0
6,109,0
1,110,4
2,110,6.18191484414192e-18
3,110,1
4,110,0.000171480721227222
5,110,0
6,110,0
1,111,6.7
2,111,6.90959492634963e-18
3,111,0
4,111,0
5,111,0
6,111,0
1,112,0
2,112,0
3,112,1.33333333333333
4,112,5.01322339398962e-06
5,112,31.5
6,112,0.00101148632007928
1,113,30.3
2,113,4.26791880114098e-18
3,113,1.44444444444444
4,113,0.000184981470867518
5,113,14.6
6,113,0.000442561794199906
1,114,0
2,114,0
3,114,0
4,114,0
5,114,34.2222222222222
6,114,0.000101881892344512
1,115,0
2,115,0
3,115,0
4,115,0
5,115,39.5
6,115,6.5427705076328e-05
1,116,0
2,116,0
3,116,1.5
4,116,0.000969590281328155
5,116,3.66666666666667
6,116,2.16149632879892e-05
1,117,4.2
2,117,7.94503110184002e-18
3,117,1
4,117,0.000160568185948215
5,117,0
6,117,0
1,118,2.85714285714286
2,118,9.85614745665425e-18
3,118,92.2
4,118,0.210792810125318
5,118,170.9
6,118,0.0346451699615509
1,119,0
2,119,0
3,119,0
4,119,0
5,119,23
6,119,0.000262826054739766
1,120,0
2,120,0
3,120,0
4,120,0
5,120,21.6666666666667
6,120,0.000507520841517209
1,121,0
2,121,0
3,121,0
4,121,0
5,121,35.6
6,121,9.81984836463372e-05
1,122,0
2,122,0
3,122,1.33333333333333
4,122,4.65946781660831e-05
5,122,2.66666666666667
6,122,1.92087039005524e-06
1,123,2.77777777777778
2,123,7.19742715911297e-18
3,123,2.16666666666667
4,123,6.5056825511823e-05
5,123,0
6,123,0
1,124,78.1
2,124,5.32380322227001e-18
3,124,1280.3
4,124,1
5,124,4.7
6,124,0.00175379083530765
1,125,5.77777777777778
2,125,4.47348656596243e-18
3,125,71.9
4,125,0.203976627621072
5,125,18.9
6,125,0.00243369418802319
1,126,0
2,126,0
3,126,0
4,126,0
5,126,830.2
6,126,0.100004877015392
1,127,0
2,127,0
3,127,1.85714285714286
4,127,9.29925792434673e-05
5,127,122.5
6,127,0.00538773138464999
1,128,3.71428571428571
2,128,4.253599320129e-18
3,128,8.2
4,128,8.00177288127314e-05
5,128,72.6
6,128,0.0020102247902946
1,129,0
2,129,0
3,129,0
4,129,0
5,129,16.7
6,129,0.000421837111045017
1,130,0
2,130,0
3,130,0
4,130,0
5,130,23.6666666666667
6,130,3.10549679851621e-05
1,131,1
2,131,0
3,131,1
4,131,0.00170756086364216
5,131,1.5
6,131,5.2025570955036e-07
1,132,0
2,132,0
3,132,45.1
4,132,0.277580279704
5,132,4.1
6,132,0.000426047259116323
1,133,13.2
2,133,5.27600111804013e-18
3,133,95.3
4,133,0.3583040212499
5,133,3.5
6,133,0.0057242892149094
1,134,0
2,134,0
3,134,0
4,134,0
5,134,215.2
6,134,0.0205484630806045
1,135,0
2,135,0
3,135,0
4,135,0
5,135,13.2
6,135,0.000265477908917788
1,136,0
2,136,0
3,136,0
4,136,0
5,136,10.3333333333333
6,136,2.3221134286535e-05
1,137,2.5
2,137,1.55492525335369e-17
3,137,1
4,137,0.00178507149037264
5,137,0
6,137,0
1,138,14.5
2,138,4.99508746657388e-18
3,138,19.2222222222222
4,138,0.00172832568294228
5,138,1
6,138,1.12631237154996e-12
1,139,5.375
2,139,6.19537503795338e-18
3,139,4.875
4,139,0.00412827038008218
5,139,173.5
6,139,0.000101800700522032
1,140,0
2,140,0
3,140,1
4,140,0.0326738912049354
5,140,10.9
6,140,0.000495756501676814
1,141,53.8
2,141,4.87724366477914e-18
3,141,86.6
4,141,0.000291205094311665
5,141,20.6
6,141,0.000964894323529639
1,142,744.8
2,142,1.14708815374527e-17
3,142,34.6
4,142,0.000519216889413722
5,142,0
6,142,0
1,143,0
2,143,0
3,143,0
4,143,0
5,143,7.55555555555556
6,143,5.85212116462499e-05
1,144,0
2,144,0
3,144,1.25
4,144,0.000366372142631304
5,144,2.25
6,144,2.4880717300442e-06
1,145,2.375
2,145,8.89014661140818e-18
3,145,1.5
4,145,0.000523012743397738
5,145,0
6,145,0
1,146,4.14285714285714
2,146,5.33408427728209e-18
3,146,27.5
4,146,0.000935945204544015
5,146,4.66666666666667
6,146,7.94517011722876e-05
1,147,0
2,147,0
3,147,0
4,147,0
5,147,22
6,147,0.000440895196539504
1,148,0
2,148,0
3,148,3.125
4,148,0.00665500831220307
5,148,11.3
6,148,0.000750746692765808
1,149,158.6
2,149,4.46378934013195e-17
3,149,0
4,149,0
5,149,773.7
6,149,0.0097442432227062
1,150,0
2,150,0
3,150,0
4,150,0
5,150,16.1
6,150,0.000227122106199159
1,151,0
2,151,0
3,151,0
4,151,0
5,151,2.42857142857143
6,151,4.84970355497075e-05
1,152,0
2,152,0
3,152,3.11111111111111
4,152,0.000255882634202916
5,152,2
6,152,2.2861702153208e-06
1,153,1.66666666666667
2,153,2.66120204838865e-18
3,153,1.5
4,153,0.000596333700815399
5,153,0
6,153,0
1,154,14.6
2,154,3.16478341093091e-17
3,154,6.9
4,154,0.000850712869908117
5,154,112.5
6,154,0.00239722158029803
1,155,0
2,155,0
3,155,0
4,155,0
5,155,25.2
6,155,0.000216619297202642
1,156,0
2,156,0
3,156,1.5
4,156,3.80256414068592e-05
5,156,1
6,156,3.44351654066136e-05
1,157,11.7
2,157,7.02402573280802e-18
3,157,2.44444444444444
4,157,0.000298954351856103
5,157,0
6,157,0
1,158,0
2,158,0
3,158,1
4,158,3.56024354193517e-07
5,158,11.5
6,158,1.97520565834464e-05
1,159,0
2,159,0
3,159,1.83333333333333
4,159,0.000919677077702121
5,159,8.5
6,159,0.00187544979660973
1,160,681.3
2,160,8.3507951194412e-17
3,160,7.3
4,160,4.28509919936151e-05
5,160,0
6,160,0
1,161,0
2,161,0
3,161,0
4,161,0
5,161,11.5
6,161,0.000167018794498389
1,162,2.88888888888889
2,162,4.8350809472367e-18
3,162,1
4,162,8.65659434180531e-05
5,162,0
6,162,0
1,163,3.9
2,163,3.21631173697489e-18
3,163,0
4,163,0
5,163,2.625
6,163,4.18699219396446e-05
1,164,47
2,164,9.8437927525561e-18
3,164,3.3
4,164,0.00044439732448502
5,164,3.6
6,164,0.000243251398803874
1,165,217.6
2,165,1.37448153298168e-17
3,165,14.7
4,165,0.000717001005849002
5,165,0
6,165,0
1,166,3.2
2,166,3.57100000525767e-18
3,166,2.28571428571429
4,166,4.50287421335041e-05
5,166,17.2
6,166,0.00053931513766356
1,167,7.9
2,167,7.50760869381922e-18
3,167,1.42857142857143
4,167,4.61084945775474e-05
5,167,0
6,167,0
1,168,0
2,168,0
3,168,1.75
4,168,8.56380844454596e-05
5,168,5.5
6,168,0.000148126027984074
1,169,0
2,169,0
3,169,2.4
4,169,4.44756878764151e-05
5,169,15.8888888888889
6,169,0.000524430200877396
1,170,15.5
2,170,3.20793311799423e-18
3,170,3.16666666666667
4,170,2.88553482343818e-05
5,170,0
6,170,0
1,171,434.9
2,171,1.02174087457461e-17
3,171,0
4,171,0
5,171,0
6,171,0
1,172,0
2,172,0
3,172,2.5
4,172,3.0154789640046e-05
5,172,21.7777777777778
6,172,0.00115098334560474
1,173,6.2
2,173,3.87136445428338e-18
3,173,4.125
4,173,2.57954013269289e-05
5,173,1
6,173,6.16605536748716e-05
1,174,0
2,174,0
3,174,0
4,174,0
5,174,23.3333333333333
6,174,0.00124585724503945
1,175,5.2
2,175,2.45416827092473e-17
3,175,4.83333333333333
4,175,2.03292276701591e-05
5,175,2.66666666666667
6,175,3.57065483465926e-05
1,176,0
2,176,0
3,176,0
4,176,0
5,176,49.9
6,176,0.00503502035639255
1,177,0
2,177,0
3,177,1.6
4,177,1.00069713807687e-05
5,177,10.7777777777778
6,177,0.000644042200882725
1,178,0
2,178,0
3,178,0
4,178,0
5,178,31.8
6,178,0.00665025861048398
1,179,1.66666666666667
2,179,2.35853759187156e-18
3,179,4
4,179,5.27096063852387e-05
5,179,3.75
6,179,0.000579611607301612
1,180,71
2,180,3.2210323163991e-18
3,180,0
4,180,0
5,180,0
6,180,0
1,181,0
2,181,0
3,181,0
4,181,0
5,181,17.7
6,181,0.00652445761068827
1,182,0
2,182,0
3,182,1.5
4,182,7.93702386595011e-06
5,182,1
6,182,0.000319952070247999
1,183,0
2,183,0
3,183,0
4,183,0
5,183,13.5
6,183,0.00898459611306078
1,184,0
2,184,0
3,184,0
4,184,0
5,184,2.16666666666667
6,184,0.00562595975906584
1,185,1.66666666666667
2,185,1.52861503293995e-18
3,185,1.33333333333333
4,185,2.6506600670927e-06
5,185,0
6,185,0
1,186,16.4
2,186,3.06109195549127e-18
3,186,25.2
4,186,9.4585140234967e-07
5,186,2.25
6,186,0.0138610011707491
1,187,19.5
2,187,1.08514822313458e-18
3,187,1.33333333333333
4,187,1.15098613669412e-06
5,187,0
6,187,0
1,188,0
2,188,0
3,188,0
4,188,0
5,188,18.7
6,188,0.0313283321399038
1,189,0
2,189,0
3,189,1.5
4,189,8.30382621085625e-07
5,189,9.5
6,189,0.0203287317566467
1,190,1
2,190,7.3309329583786e-18
3,190,1.5
4,190,5.01169734111683e-07
5,190,3
6,190,0.0166617631066243
1,191,1.2
2,191,7.4066604647861e-17
3,191,1
4,191,1.91819662331779e-06
5,191,2
6,191,0.0115832546406363
1,192,2.44444444444444
2,192,4.38664471805844e-17
3,192,1.33333333333333
4,192,2.51320313028663e-05
5,192,0
6,192,0
1,193,0
2,193,0
3,193,39.5
4,193,7.03227055072675e-06
5,193,110.8
6,193,0.267379126447338
1,194,0
2,194,0
3,194,36.6
4,194,1.26486418220258e-06
5,194,21.6
6,194,0.103951707437487
1,195,0
2,195,0
3,195,0
4,195,0
5,195,3.7
6,195,0.0199863783261492
1,196,1.25
2,196,1.78474021969949e-18
3,196,1.57142857142857
4,196,2.2456318842506e-08
5,196,1.625
6,196,0.0337002263266242
1,197,0
2,197,0
3,197,0
4,197,0
5,197,17.3
6,197,0.0314795830815151
1,198,0
2,198,0
3,198,1
4,198,4.04948533423514e-07
5,198,5.66666666666667
6,198,0.0123501253764218
1,199,3.9
2,199,3.19540953552389e-14
3,199,1
4,199,7.30956260306159e-07
5,199,0
6,199,0
1,200,2.11111111111111
2,200,1.76304931138256e-14
3,200,1
4,200,1.27683573145488e-07
5,200,2
6,200,0.0374780965512621
1,201,5.1
2,201,1.0271169657804e-14
3,201,1
4,201,6.64530670130659e-07
5,201,0
6,201,0
1,202,7
2,202,9.94160615231099e-17
3,202,2.6
4,202,3.62835754571681e-05
5,202,0
6,202,0
1,203,9.4
2,203,8.57774900552196e-17
3,203,2.6
4,203,6.26429884518808e-07
5,203,0
6,203,0
1,204,2.42857142857143
2,204,1.7630881362673e-17
3,204,4.1
4,204,2.21379747582849e-06
5,204,11.4
6,204,0.074251476779134
1,205,3
2,205,1.28705986615034e-16
3,205,0
4,205,0
5,205,33.1
6,205,0.0814650849273012
1,206,0
2,206,0
3,206,1.6
4,206,2.51272515870176e-06
5,206,6.9
6,206,0.0209037884432743
1,207,0
2,207,0
3,207,0
4,207,0
5,207,33.9
6,207,0.0422923558120277
1,208,0
2,208,0
3,208,0
4,208,0
5,208,45.7
6,208,0.0515241157242391
1,209,0
2,209,0
3,209,0
4,209,0
5,209,10
6,209,0.0255469851873528
1,210,1
2,210,5.96234857314778e-18
3,210,1.8
4,210,3.27548353938853e-07
5,210,3.22222222222222
6,210,0.0144569303526351
1,211,3
2,211,7.58272790884628e-18
3,211,2.44444444444444
4,211,4.89158631157138e-06
5,211,0
6,211,0
1,212,1.75
2,212,3.78016504180169e-16
3,212,1
4,212,6.85478421488812e-07
5,212,0
6,212,0
1,213,1.5
2,213,1.18180991434773e-17
3,213,1.5
4,213,3.17891718392646e-05
5,213,0
6,213,0
1,214,0
2,214,0
3,214,1
4,214,4.82963934863487e-07
5,214,1
6,214,0.00838567361962485
1,215,0
2,215,0
3,215,1.375
4,215,1.32424013681665e-05
5,215,1
6,215,0.0223536485863325
1,216,0
2,216,0
3,216,2.875
4,216,1.11657274988718e-05
5,216,0
6,216,0
1,217,1.42857142857143
2,217,3.70223109151727e-16
3,217,2.5
4,217,1.09968120045333e-05
5,217,0
6,217,0
1,218,4.6
2,218,8.02352214052386e-17
3,218,1.66666666666667
4,218,1.62776048962757e-05
5,218,1.42857142857143
6,218,0.0992265622241225
1,219,4
2,219,4.92872213944687e-17
3,219,1.75
4,219,1.99253146671163e-06
5,219,11.2
6,219,0.0653359924664134
1,220,6.22222222222222
2,220,2.45654071885005e-17
3,220,1.9
4,220,3.13155846141686e-06
5,220,1
6,220,0.00195629843391724
1,221,0
2,221,0
3,221,0
4,221,0
5,221,70.2
6,221,0.0759698225582323
1,222,0
2,222,0
3,222,0
4,222,0
5,222,39.9
6,222,0.0644688433924482
1,223,0
2,223,0
3,223,0
4,223,0
5,223,19.1111111111111
6,223,0.0386544718070547
1,224,0
2,224,0
3,224,0
4,224,0
5,224,5.66666666666667
6,224,0.0240202519958855
1,225,0
2,225,0
3,225,2
4,225,2.05156205611816e-05
5,225,2
6,225,0.018245641210269
1,226,0
2,226,0
3,226,2.25
4,226,1.13856908471395e-05
5,226,1
6,226,0.00417048602540098
1,227,0
2,227,0
3,227,1.33333333333333
4,227,2.34212559751197e-07
5,227,2.71428571428571
6,227,0.029803522027612
1,228,0
2,228,0
3,228,0
4,228,0
5,228,2.33333333333333
6,228,0.0422077345207356
1,229,0
2,229,0
3,229,0
4,229,0
5,229,7.66666666666667
6,229,0.11816446790513
1,230,0
2,230,0
3,230,2.5
4,230,2.48664514434217e-07
5,230,2.33333333333333
6,230,0.0767338750301898
1,231,0
2,231,0
3,231,3
4,231,1.56377526891903e-05
5,231,1.16666666666667
6,231,0.0337067122867391
1,232,1.5
2,232,7.77842077166865e-18
3,232,1.66666666666667
4,232,1.98763450698801e-05
5,232,3.4
6,232,0.0530889084879988
1,233,12.9
2,233,1.20650240348461e-16
3,233,2
4,233,8.31422669076903e-06
5,233,2.57142857142857
6,233,0.0171646709407635
1,234,0
2,234,0
3,234,0
4,234,0
5,234,65.6
6,234,0.0852784003623432
1,235,0
2,235,0
3,235,0
4,235,0
5,235,13
6,235,0.047444234740726
1,236,0
2,236,0
3,236,0
4,236,0
5,236,8.75
6,236,0.0375957114392206
1,237,0
2,237,0
3,237,2
4,237,2.55166088391928e-07
5,237,2
6,237,0.00604166162037447
1,238,0
2,238,0
3,238,0
4,238,0
5,238,2.33333333333333
6,238,0.0291173049437735
1,239,0
2,239,0
3,239,0
4,239,0
5,239,9.4
6,239,0.0598895306018408
1,240,0
2,240,0
3,240,0
4,240,0
5,240,14.3
6,240,0.109278236242822
1,241,0
2,241,0
3,241,0
4,241,0
5,241,3.6
6,241,0.0787640643670431
1,242,0
2,242,0
3,242,0
4,242,0
5,242,6.1
6,242,0.0516906317623429
1,243,0
2,243,0
3,243,0
4,243,0
5,243,3.5
6,243,0.034317013071135
1,244,34.4
2,244,2.18040404002321e-16
3,244,1.75
4,244,8.13562193208418e-06
5,244,0
6,244,0
1,245,0
2,245,0
3,245,0
4,245,0
5,245,103.4
6,245,0.0982054431886036
1,246,0
2,246,0
3,246,0
4,246,0
5,246,26.6
6,246,0.0613521976609939
1,247,0
2,247,0
3,247,0
4,247,0
5,247,19
6,247,0.0466521124437231
1,248,0
2,248,0
3,248,0
4,248,0
5,248,9.33333333333333
6,248,0.0496240130066653
1,249,0
2,249,0
3,249,0
4,249,0
5,249,2.33333333333333
6,249,0.090661899839052
1,250,0
2,250,0
3,250,0
4,250,0
5,250,5.125
6,250,0.0918332467601635
1,251,0
2,251,0
3,251,0
4,251,0
5,251,11.6
6,251,0.0341495808788442
1,252,0
2,252,0
3,252,5.2
4,252,9.50161581218508e-06
5,252,4.77777777777778
6,252,0.00805593586914463
1,253,0
2,253,0
3,253,0
4,253,0
5,253,15.2
6,253,0.0168947742726893
1,254,9
2,254,1.61584645513257e-16
3,254,3.85714285714286
4,254,1.43811870015446e-05
5,254,1
6,254,0.00383769807908084
1,255,0
2,255,0
3,255,0
4,255,0
5,255,15.8
6,255,0.0365789246403313
1,256,0
2,256,0
3,256,0
4,256,0
5,256,101.8
6,256,0.112301157492921
1,257,0
2,257,0
3,257,0
4,257,0
5,257,42.7
6,257,0.0845815577398678
1,258,0
2,258,0
3,258,0
4,258,0
5,258,5.6
6,258,0.0831617933782012
1,259,0
2,259,0
3,259,0
4,259,0
5,259,3.28571428571429
6,259,0.0740437247788147
1,260,0
2,260,0
3,260,1.75
4,260,5.87412399960842e-08
5,260,12.2
6,260,0.0190503179939227
1,261,0
2,261,0
3,261,20.5
4,261,8.84201305923333e-06
5,261,0
6,261,0
1,262,0
2,262,0
3,262,16.7
4,262,6.21654606083475e-06
5,262,1.5
6,262,0.00463291494943262
1,263,7.9
2,263,2.6937400850338e-15
3,263,6.5
4,263,9.07593010721195e-06
5,263,5.7
6,263,0.016747059982157
1,264,0
2,264,0
3,264,0
4,264,0
5,264,11.8888888888889
6,264,0.0572769983889843
1,265,0
2,265,0
3,265,0
4,265,0
5,265,9.88888888888889
6,265,0.0252785051680804
1,266,0
2,266,0
3,266,0
4,266,0
5,266,41.8
6,266,0.0248590353670693
1,267,0
2,267,0
3,267,0
4,267,0
5,267,67.3
6,267,0.0266620206847623
1,268,0
2,268,0
3,268,0
4,268,0
5,268,27.5
6,268,0.0310265396345536
1,269,0
2,269,0
3,269,0
4,269,0
5,269,25.5
6,269,0.0373453852192437
1,270,0
2,270,0
3,270,0
4,270,0
5,270,24.2
6,270,0.0669646125413982
1,271,0
2,271,0
3,271,0
4,271,0
5,271,23
6,271,0.0771652498196413
1,272,0
2,272,0
3,272,0
4,272,0
5,272,27.6
6,272,0.0664532015604546
1,273,0
2,273,0
3,273,0
4,273,0
5,273,42.1
6,273,0.115325827547105
1,274,0
2,274,0
3,274,0
4,274,0
5,274,5
6,274,0.0646852353929123
1,275,0
2,275,0
3,275,2.8
4,275,6.72127618004354e-06
5,275,4.33333333333333
6,275,0.023735498214658
1,276,0
2,276,0
3,276,2.85714285714286
4,276,1.41206028006238e-07
5,276,7.7
6,276,0.0213281306754043
1,277,1.33333333333333
2,277,3.59221614161938e-16
3,277,12.8
4,277,5.56740144505021e-06
5,277,12.2
6,277,0.0176182727165606
1,278,0
2,278,0
3,278,0
4,278,0
5,278,11.1111111111111
6,278,0.0381404090097253
1,279,0
2,279,0
3,279,0
4,279,0
5,279,39.5
6,279,0.0305511869758999
1,280,0
2,280,0
3,280,0
4,280,0
5,280,70.3
6,280,0.0289524373259123
1,281,0
2,281,0
3,281,0
4,281,0
5,281,19.1
6,281,0.0210607315465698
1,282,0
2,282,0
3,282,2
4,282,5.3712320160428e-05
5,282,6.4
6,282,0.00879854867542248
1,283,0
2,283,0
3,283,5.2
4,283,6.36677230853784e-05
5,283,14.3
6,283,0.00978999694952483
1,284,0
2,284,0
3,284,0
4,284,0
5,284,24.9
6,284,0.0178914998394271
1,285,0
2,285,0
3,285,0
4,285,0
5,285,24.1
6,285,0.0285753823911896
1,286,0
2,286,0
3,286,0
4,286,0
5,286,12.7
6,286,0.0499131246495001
1,287,0
2,287,0
3,287,0
4,287,0
5,287,154.9
6,287,0.1297655663936
1,288,0
2,288,0
3,288,0
4,288,0
5,288,8.2
6,288,0.0531267893887687
1,289,0
2,289,0
3,289,1
4,289,1.20307391954341e-08
5,289,8.1
6,289,0.00681116822188991
1,290,0
2,290,0
3,290,0
4,290,0
5,290,6.3
6,290,0.0281130643567757
1,291,0
2,291,0
3,291,0
4,291,0
5,291,44.9
6,291,0.0224906641828086
1,292,0
2,292,0
3,292,0
4,292,0
5,292,9.9
6,292,0.0117991404208162
1,293,0
2,293,0
3,293,14.9
4,293,7.84120810262667e-05
5,293,1.71428571428571
6,293,0.00194071413490494
1,294,0
2,294,0
3,294,52.9
4,294,9.9174668913174e-05
5,294,0
6,294,0
1,295,0
2,295,0
3,295,40.5
4,295,9.96364986921541e-05
5,295,1
6,295,1.38102342877093e-13
1,296,0
2,296,0
3,296,33.1
4,296,0.000180401099723226
5,296,1
6,296,0.00100866580660548
1,297,0
2,297,0
3,297,25.1
4,297,0.000179977648830592
5,297,3.88888888888889
6,297,0.0126722208499407
1,298,0
2,298,0
3,298,0
4,298,0
5,298,14
6,298,0.0551470455282736
1,299,0
2,299,0
3,299,0
4,299,0
5,299,238.2
6,299,0.145942671865831
1,300,0
2,300,0
3,300,0
4,300,0
5,300,15
6,300,0.0285031223823216
1,301,18
2,301,3.60019943760284e-15
3,301,58.9
4,301,2.87753389225139e-06
5,301,31.1
6,301,0.014505896916379
1,302,0
2,302,0
3,302,0
4,302,0
5,302,7.2
6,302,0.15541817230797
1,303,0
2,303,0
3,303,0
4,303,0
5,303,3.22222222222222
6,303,0.0484926191028503
1,304,0
2,304,0
3,304,0
4,304,0
5,304,5.8
6,304,0.0143598642518424
1,305,0
2,305,0
3,305,11.4
4,305,7.17446107250756e-05
5,305,2.7
6,305,0.00518203804311553
1,306,0
2,306,0
3,306,59.9
4,306,0.000142211626811887
5,306,1
6,306,0.000912738839125235
1,307,0
2,307,0
3,307,57
4,307,9.40528541402641e-05
5,307,0
6,307,0
1,308,0
2,308,0
3,308,43.6
4,308,0.00010736490163724
5,308,0
6,308,0
1,309,0
2,309,0
3,309,54.8
4,309,0.000168391458879402
5,309,0
6,309,0
1,310,0
2,310,0
3,310,23.1
4,310,8.65511883301458e-05
5,310,1.5
6,310,0.0108532438083736
1,311,0
2,311,0
3,311,0
4,311,0
5,311,11.6
6,311,0.0476959952201843
1,312,0
2,312,0
3,312,0
4,312,0
5,312,28.8
6,312,0.0544670759169992
1,313,2.14285714285714
2,313,8.66374915884771e-14
3,313,2.22222222222222
4,313,6.8837495193747e-06
5,313,5.88888888888889
6,313,0.00926606132469638
1,314,17.5
2,314,1.83278143173497e-15
3,314,4
4,314,3.59058102684414e-06
5,314,35.7
6,314,0.0279851226644698
1,315,0
2,315,0
3,315,0
4,315,0
5,315,8.33333333333333
6,315,0.111538544261005
1,316,0
2,316,0
3,316,0
4,316,0
5,316,2.6
6,316,0.0114071032878546
1,317,0
2,317,0
3,317,7.2
4,317,4.50231908995769e-05
5,317,2.66666666666667
6,317,0.00738942012070737
1,318,0
2,318,0
3,318,10.7
4,318,5.38567848822996e-05
5,318,3.55555555555556
6,318,0.00847750864834042
1,319,0
2,319,0
3,319,14.4
4,319,5.94450847129698e-05
5,319,4
6,319,0.00852309108260997
1,320,0
2,320,0
3,320,23.4
4,320,9.72774079850972e-05
5,320,1
6,320,0.000662529057307825
1,321,0
2,321,0
3,321,19.1
4,321,6.36052762858909e-05
5,321,0
6,321,0
1,322,0
2,322,0
3,322,1.4
4,322,3.79670866372185e-05
5,322,2.88888888888889
6,322,0.0256721250872753
1,323,0
2,323,0
3,323,0
4,323,0
5,323,12.1
6,323,0.0205879185976164
1,324,5.2
2,324,8.65758076979765e-12
3,324,2.625
4,324,6.75075368887565e-06
5,324,17.9
6,324,0.036293721730421
1,325,0
2,325,0
3,325,0
4,325,0
5,325,7.85714285714286
6,325,0.0764853996247237
1,326,0
2,326,0
3,326,0
4,326,0
5,326,58.4
6,326,0.329820090820503
1,327,0
2,327,0
3,327,0
4,327,0
5,327,74.7
6,327,0.461617602167988
1,328,0
2,328,0
3,328,0
4,328,0
5,328,32.5
6,328,0.269359877394773
1,329,0
2,329,0
3,329,0
4,329,0
5,329,4.88888888888889
6,329,0.0794432417245176
1,330,0
2,330,0
3,330,0
4,330,0
5,330,9.3
6,330,0.0131819680572164
1,331,0
2,331,0
3,331,0
4,331,0
5,331,10.5
6,331,0.0113422605838582
1,332,0
2,332,0
3,332,2
4,332,8.21462645712635e-08
5,332,3
6,332,0.00678749750011498
1,333,0
2,333,0
3,333,1.875
4,333,3.50137024259214e-05
5,333,1.75
6,333,0.00302449469357574
1,334,0
2,334,0
3,334,1
4,334,1.26845509850629e-07
5,334,3
6,334,0.0221530920414072
1,335,0
2,335,0
3,335,0
4,335,0
5,335,22.9
6,335,0.0162200477225691
1,336,2.25
2,336,3.72921246460556e-13
3,336,2.2
4,336,5.56411775926254e-06
5,336,20.2
6,336,0.0268056723205777
1,337,0
2,337,0
3,337,0
4,337,0
5,337,2.16666666666667
6,337,0.0224842485170065
1,338,0
2,338,0
3,338,0
4,338,0
5,338,41.1
6,338,0.243484213290702
1,339,0
2,339,0
3,339,0
4,339,0
5,339,83.8
6,339,0.397076398709773
1,340,0
2,340,0
3,340,0
4,340,0
5,340,88.9
6,340,0.36008775021264
1,341,0
2,341,0
3,341,0
4,341,0
5,341,83.2
6,341,0.60943238124713
1,342,0
2,342,0
3,342,0
4,342,0
5,342,22.7
6,342,0.392230186894109
1,343,0
2,343,0
3,343,0
4,343,0
5,343,6.33333333333333
6,343,0.158194923875954
1,344,0
2,344,0
3,344,0
4,344,0
5,344,6.44444444444444
6,344,0.014246254361256
1,345,0
2,345,0
3,345,0
4,345,0
5,345,7.6
6,345,0.00723330427563688
1,346,0
2,346,0
3,346,1.75
4,346,2.50580391699704e-05
5,346,2.5
6,346,0.00597443402500351
1,347,0
2,347,0
3,347,0
4,347,0
5,347,11.5
6,347,0.0310111399990127
1,348,0
2,348,0
3,348,1.5
4,348,8.29548973406956e-09
5,348,9
6,348,0.0140033040625867
1,349,1.75
2,349,2.26536791050767e-11
3,349,1.83333333333333
4,349,4.24835480589788e-09
5,349,49.2
6,349,0.0212588932685046
1,350,1
2,350,1.14444709004616e-05
3,350,1
4,350,5.71660211044251e-10
5,350,0
6,350,0
1,351,0
2,351,0
3,351,0
4,351,0
5,351,3.83333333333333
6,351,0.022812117374627
1,352,0
2,352,0
3,352,0
4,352,0
5,352,47.6
6,352,0.279721494683022
1,353,0
2,353,0
3,353,0
4,353,0
5,353,77.2
6,353,0.30163366681416
1,354,0
2,354,0
3,354,0
4,354,0
5,354,67.7
6,354,0.284681526697188
1,355,0
2,355,0
3,355,0
4,355,0
5,355,77.7
6,355,0.505084453700975
1,356,0
2,356,0
3,356,0
4,356,0
5,356,28.2
6,356,0.334836302276802
1,357,0
2,357,0
3,357,0
4,357,0
5,357,3.5
6,357,0.0477537095121134
1,358,0
2,358,0
3,358,0
4,358,0
5,358,4
6,358,0.0333528142994772
1,359,0
2,359,0
3,359,0
4,359,0
5,359,5.28571428571429
6,359,0.0204112205675892
1,360,0
2,360,0
3,360,0
4,360,0
5,360,1.33333333333333
6,360,0.0131178927520385
1,361,0
2,361,0
3,361,0
4,361,0
5,361,37.2
6,361,0.0264483118089345
1,362,0
2,362,0
3,362,0
4,362,0
5,362,13.2222222222222
6,362,0.0288265160892026
1,363,0
2,363,0
3,363,0
4,363,0
5,363,1.42857142857143
6,363,0.00429593503973384
1,364,0
2,364,0
3,364,0
4,364,0
5,364,51.6
6,364,0.305956096919878
1,365,0
2,365,0
3,365,0
4,365,0
5,365,56.2
6,365,0.262446825193117
1,366,0
2,366,0
3,366,0
4,366,0
5,366,68.7
6,366,0.310244547189963
1,367,0
2,367,0
3,367,0
4,367,0
5,367,78.1
6,367,0.577615333441049
1,368,0
2,368,0
3,368,0
4,368,0
5,368,6.5
6,368,0.0711494299223176
1,369,0
2,369,0
3,369,0
4,369,0
5,369,10.5
6,369,0.0156588037016609
1,370,0
2,370,0
3,370,0
4,370,0
5,370,15.2
6,370,0.0216279913510719
1,371,0
2,371,0
3,371,0
4,371,0
5,371,10.4
6,371,0.0211367471321534
1,372,0
2,372,0
3,372,0
4,372,0
5,372,9.5
6,372,0.0232695365272682
1,373,0
2,373,0
3,373,0
4,373,0
5,373,6.5
6,373,0.0356787213018154
1,374,0
2,374,0
3,374,2.44444444444444
4,374,1.24911432344411e-06
5,374,7.8
6,374,0.0206289947855083
1,375,15.6
2,375,1.54197720733558e-11
3,375,1.5
4,375,3.2063351427126e-06
5,375,0
6,375,0
1,376,4
2,376,0.000284576832112324
3,376,2.16666666666667
4,376,3.48249018720673e-06
5,376,7.75
6,376,0.0031983074277624
1,377,2.5
2,377,0.000627488959116419
3,377,0
4,377,0
5,377,0
6,377,0
1,378,0
2,378,0
3,378,0
4,378,0
5,378,2.8
6,378,0.0190955142631418
1,379,0
2,379,0
3,379,0
4,379,0
5,379,8.1
6,379,0.0370084728705034
1,380,0
2,380,0
3,380,0
4,380,0
5,380,48.4
6,380,0.296551702795564
1,381,0
2,381,0
3,381,0
4,381,0
5,381,56.5
6,381,0.302793160387353
1,382,0
2,382,0
3,382,0
4,382,0
5,382,127
6,382,0.770708518634584
1,383,0
2,383,0
3,383,0
4,383,0
5,383,28
6,383,0.241425000859199
1,384,0
2,384,0
3,384,0
4,384,0
5,384,8.2
6,384,0.0196091360588059
1,385,0
2,385,0
3,385,0
4,385,0
5,385,22.3
6,385,0.0265653265424537
1,386,0
2,386,0
3,386,0
4,386,0
5,386,22.5
6,386,0.0285707306417865
1,387,0
2,387,0
3,387,0
4,387,0
5,387,8.4
6,387,0.00873627436487473
1,388,0
2,388,0
3,388,0
4,388,0
5,388,51.3
6,388,0.0641904717140007
1,389,0
2,389,0
3,389,0
4,389,0
5,389,42.1
6,389,0.0891305460500704
1,390,16.7
2,390,1.20153388720302e-10
3,390,1.75
4,390,3.05221428420263e-09
5,390,0
6,390,0
1,391,1
2,391,0.000184093980089464
3,391,1
4,391,7.20182705223536e-11
5,391,6.66666666666667
6,391,0.0103017171454816
1,392,0
2,392,0
3,392,0
4,392,0
5,392,6
6,392,0.0218658318822163
1,393,0
2,393,0
3,393,0
4,393,0
5,393,5.125
6,393,0.0277767251366449
1,394,0
2,394,0
3,394,0
4,394,0
5,394,34.6
6,394,0.197088967322412
1,395,0
2,395,0
3,395,0
4,395,0
5,395,60.6
6,395,0.3610948810277
1,396,0
2,396,0
3,396,0
4,396,0
5,396,46.5
6,396,0.288895246539649
1,397,0
2,397,0
3,397,0
4,397,0
5,397,2.85714285714286
6,397,0.0220664109450052
1,398,0
2,398,0
3,398,0
4,398,0
5,398,26.1
6,398,0.0290145510424037
1,399,0
2,399,0
3,399,0
4,399,0
5,399,61.9
6,399,0.0504916430841336
1,400,0
2,400,0
3,400,0
4,400,0
5,400,40.8
6,400,0.0418458830906511
1,401,0
2,401,0
3,401,0
4,401,0
5,401,25.9
6,401,0.0290960123303961
1,402,0
2,402,0
3,402,0
4,402,0
5,402,221.3
6,402,0.232940757145689
1,403,1.2
2,403,2.63367594879632e-11
3,403,1.4
4,403,1.67036727205439e-06
5,403,121.1
6,403,0.20005869492054
1,404,0
2,404,0
3,404,0
4,404,0
5,404,10.7
6,404,0.00966142639983379
1,405,0
2,405,0
3,405,0
4,405,0
5,405,9.4
6,405,0.0189028946411455
1,406,0
2,406,0
3,406,0
4,406,0
5,406,4.375
6,406,0.0157192650754912
1,407,0
2,407,0
3,407,0
4,407,0
5,407,3.57142857142857
6,407,0.0222318875938975
1,408,0
2,408,0
3,408,0
4,408,0
5,408,39.7
6,408,0.256894945699099
1,409,0
2,409,0
3,409,0
4,409,0
5,409,29.8
6,409,0.193042141260695
1,410,0
2,410,0
3,410,0
4,410,0
5,410,25.9
6,410,0.145345542864827
1,411,0
2,411,0
3,411,0
4,411,0
5,411,1.625
6,411,0.0255814946403142
1,412,0
2,412,0
3,412,0
4,412,0
5,412,21.5
6,412,0.0333874411431703
1,413,0
2,413,0
3,413,0
4,413,0
5,413,40.6
6,413,0.0652506696431544
1,414,0
2,414,0
3,414,0
4,414,0
5,414,104.7
6,414,0.107421131226214
1,415,0
2,415,0
3,415,0
4,415,0
5,415,21.9
6,415,0.0656789058364951
1,416,8.7
2,416,3.11460274834174e-09
3,416,2
4,416,1.2594014114754e-06
5,416,41.2
6,416,0.11076994163991
1,417,2
2,417,4.00890350066625e-11
3,417,0
4,417,0
5,417,151
6,417,0.14331444302395
1,418,21.4
2,418,1.47471458808474e-11
3,418,2.4
4,418,6.45372661857083e-07
5,418,64.4
6,418,0.133497516861903
1,419,0
2,419,0
3,419,1.625
4,419,5.81932611955537e-07
5,419,15.2
6,419,0.0135179433156076
1,420,0
2,420,0
3,420,0
4,420,0
5,420,17.8
6,420,0.0170898691997977
1,421,0
2,421,0
3,421,0
4,421,0
5,421,12.6
6,421,0.0111750902823498
1,422,0
2,422,0
3,422,0
4,422,0
5,422,7.6
6,422,0.00841522147925889
1,423,0
2,423,0
3,423,0
4,423,0
5,423,1.66666666666667
6,423,0.0165015171460242
1,424,0
2,424,0
3,424,0
4,424,0
5,424,27.6
6,424,0.176903748939071
1,425,0
2,425,0
3,425,0
4,425,0
5,425,11.2
6,425,0.0851103825493679
1,426,0
2,426,0
3,426,0
4,426,0
5,426,3
6,426,0.0260481405480469
1,427,0
2,427,0
3,427,0
4,427,0
5,427,13.3
6,427,0.0261346464600727
1,428,0
2,428,0
3,428,2.5
4,428,1.57647484410772e-06
5,428,6.7
6,428,0.0357363899472805
1,429,0
2,429,0
3,429,0
4,429,0
5,429,29.5
6,429,0.0941867196468238
1,430,0
2,430,0
3,430,8.5
4,430,1.16210101390961e-06
5,430,7.44444444444444
6,430,0.0418170759536185
1,431,0
2,431,0
3,431,7.5
4,431,4.36401019753841e-07
5,431,66.9
6,431,0.0427630453119073
1,432,46.8
2,432,2.09257636088149e-18
3,432,0
4,432,0
5,432,0
6,432,0
1,433,1
2,433,0.000279427530136275
3,433,1.75
4,433,2.81932313845433e-07
5,433,7.2
6,433,0.00807818700394815
1,434,0
2,434,0
3,434,0
4,434,0
5,434,16.8
6,434,0.0129895788638882
1,435,0
2,435,0
3,435,0
4,435,0
5,435,20.2
6,435,0.0183389356099756
1,436,0
2,436,0
3,436,0
4,436,0
5,436,23.3
6,436,0.0130887882641578
1,437,0
2,437,0
3,437,0
4,437,0
5,437,11.2
6,437,0.00886816809108045
1,438,0
2,438,0
3,438,0
4,438,0
5,438,8.4
6,438,0.0606380881395475
1,439,0
2,439,0
3,439,0
4,439,0
5,439,3.85714285714286
6,439,0.0164107003643734
1,440,0
2,440,0
3,440,0
4,440,0
5,440,3.6
6,440,0.019146555229126
1,441,1.14285714285714
2,441,3.68900202909363e-07
3,441,7.7
4,441,6.80937476663195e-07
5,441,0
6,441,0
1,442,0
2,442,0
3,442,63.7
4,442,1.77558038214229e-06
5,442,1.2
6,442,0.0153173868083792
1,443,28.1
2,443,3.74217050837454e-07
3,443,21.9
4,443,9.83983572486991e-07
5,443,2.2
6,443,0.0620952587494771
1,444,0
2,444,0
3,444,4.3
4,444,1.34506149196041e-07
5,444,37.6
6,444,0.0344908477831464
1,445,0
2,445,0
3,445,0
4,445,0
5,445,23.6
6,445,0.0301184253745585
1,446,0
2,446,0
3,446,0
4,446,0
5,446,22.9
6,446,0.0292683162730545
1,447,0
2,447,0
3,447,0
4,447,0
5,447,38
6,447,0.0257830433746595
1,448,0
2,448,0
3,448,0
4,448,0
5,448,26.6
6,448,0.015030584029149
1,449,0
2,449,0
3,449,0
4,449,0
5,449,13.4
6,449,0.0143794462089779
1,450,0
2,450,0
3,450,0
4,450,0
5,450,4.75
6,450,0.0264831843915072
1,451,0
2,451,0
3,451,0
4,451,0
5,451,3
6,451,0.0189333700809959
1,452,2.44444444444444
2,452,4.652133275922e-06
3,452,2.33333333333333
4,452,1.54013665971461e-06
5,452,0
6,452,0
1,453,7.88888888888889
2,453,1.70568090201459e-08
3,453,9.2
4,453,1.81219993355479e-07
5,453,240.8
6,453,0.0511272009908298
1,454,11.7
2,454,0.00747418097887273
3,454,21.6
4,454,1.14970176491101e-07
5,454,24.3
6,454,0.0172978550530296
1,455,0
2,455,0
3,455,0
4,455,0
5,455,22.7
6,455,0.0223260351433232
1,456,0
2,456,0
3,456,0
4,456,0
5,456,15.2
6,456,0.0207736994930094
1,457,0
2,457,0
3,457,0
4,457,0
5,457,66.8
6,457,0.0455327259159625
1,458,0
2,458,0
3,458,0
4,458,0
5,458,60.9
6,458,0.0363525854983772
1,459,0
2,459,0
3,459,0
4,459,0
5,459,23
6,459,0.0297090290390023
1,460,0
2,460,0
3,460,0
4,460,0
5,460,10.625
6,460,0.0255309529847396
1,461,0
2,461,0
3,461,0
4,461,0
5,461,3.28571428571429
6,461,0.0407778807565042
1,462,0
2,462,0
3,462,0
4,462,0
5,462,2
6,462,0.0179046035798958
1,463,1
2,463,2.53256656626716e-05
3,463,2
4,463,2.19238970982001e-06
5,463,1.33333333333333
6,463,0.0186632019453329
1,464,36
2,464,2.26430399024758e-07
3,464,0
4,464,0
5,464,0
6,464,0
1,465,2.375
2,465,0.00834769058960117
3,465,0
4,465,0
5,465,0
6,465,0
1,466,8.5
2,466,0.00906109694935403
3,466,3.3
4,466,1.03537748706823e-07
5,466,0
6,466,0
1,467,0
2,467,0
3,467,2.5
4,467,1.30965630013911e-07
5,467,12
6,467,0.0217047831226326
1,468,0
2,468,0
3,468,5.3
4,468,6.59185455233404e-07
5,468,1
6,468,0.00242513516553388
1,469,0
2,469,0
3,469,4
4,469,6.79297810842654e-07
5,469,6.5
6,469,0.00798482537383309
1,470,0
2,470,0
3,470,0
4,470,0
5,470,85.3
6,470,0.0449451288075584
1,471,0
2,471,0
3,471,0
4,471,0
5,471,81.8
6,471,0.0491461414799089
1,472,0
2,472,0
3,472,0
4,472,0
5,472,24.6
6,472,0.0328864261003695
1,473,0
2,473,0
3,473,0
4,473,0
5,473,13.25
6,473,0.037849497502836
1,474,0
2,474,0
3,474,0
4,474,0
5,474,42.5
6,474,0.0741763790998606
1,475,0
2,475,0
3,475,0
4,475,0
5,475,3
6,475,0.0353198199719839
1,476,0
2,476,0
3,476,0
4,476,0
5,476,1.33333333333333
6,476,0.0105271394900741
1,477,5.6
2,477,3.28524441460631e-06
3,477,3.22222222222222
4,477,9.76022342232175e-07
5,477,1
6,477,8.26428759438741e-12
1,478,34.4
2,478,7.72976646942254e-07
3,478,0
4,478,0
5,478,0
6,478,0
1,479,238.7
2,479,2.03581151603584e-14
3,479,0
4,479,0
5,479,0
6,479,0
1,480,38.3
2,480,0.014676035390775
3,480,2.14285714285714
4,480,3.03345320619271e-11
5,480,0
6,480,0
1,481,1.83333333333333
2,481,0.0112971910993159
3,481,11.3
4,481,1.38577811090921e-07
5,481,0
6,481,0
1,482,0
2,482,0
3,482,14.7
4,482,1.5073602853768e-07
5,482,0
6,482,0
1,483,0
2,483,0
3,483,18.1
4,483,3.20355355250956e-07
5,483,0
6,483,0
1,484,0
2,484,0
3,484,2.875
4,484,1.22983796527587e-10
5,484,2.8
6,484,0.00563317680435738
1,485,0
2,485,0
3,485,0
4,485,0
5,485,45
6,485,0.0357563323496151
1,486,0
2,486,0
3,486,0
4,486,0
5,486,82.5
6,486,0.0555018116746868
1,487,0
2,487,0
3,487,0
4,487,0
5,487,12.9
6,487,0.0307368501193373
1,488,0
2,488,0
3,488,0
4,488,0
5,488,31.375
6,488,0.0649095983504018
1,489,0
2,489,0
3,489,0
4,489,0
5,489,57.3
6,489,0.0512757631321738
1,490,0
2,490,0
3,490,0
4,490,0
5,490,2
6,490,0.0321745743226338
1,491,0
2,491,0
3,491,1
4,491,3.05094490909329e-12
5,491,1.5
6,491,0.0160290101134718
1,492,3.77777777777778
2,492,4.5333162276425e-07
3,492,5.3
4,492,5.46603790669874e-07
5,492,2.125
6,492,0.0188344117339787
1,493,56.3
2,493,0.0252807139976436
3,493,0
4,493,0
5,493,0
6,493,0
1,494,12.7
2,494,0.0214328282786327
3,494,4
4,494,1.54919942126628e-07
5,494,0
6,494,0
1,495,0
2,495,0
3,495,17
4,495,1.42930753367918e-07
5,495,0
6,495,0
1,496,0
2,496,0
3,496,18.6
4,496,1.43031919481392e-07
5,496,0
6,496,0
1,497,0
2,497,0
3,497,18
4,497,1.87969850573153e-07
5,497,0
6,497,0
1,498,0
2,498,0
3,498,5.33333333333333
4,498,4.11835719198569e-07
5,498,1
6,498,0.000119396909152415
1,499,0
2,499,0
3,499,0
4,499,0
5,499,23.9
6,499,0.029993131713458
1,500,0
2,500,0
3,500,0
4,500,0
5,500,51.8
6,500,0.0345519389267873
1,501,0
2,501,0
3,501,0
4,501,0
5,501,30.3333333333333
6,501,0.0483676203113764
1,502,0
2,502,0
3,502,0
4,502,0
5,502,106.7
6,502,0.087952799124619
1,503,0
2,503,0
3,503,1.25
4,503,9.93472307490095e-11
5,503,1.5
6,503,0.0110439206072653
1,504,0
2,504,0
3,504,2.28571428571429
4,504,2.37305412592638e-06
5,504,56
6,504,0.0401456638131363
1,505,1
2,505,3.22855211875181e-08
3,505,7.9
4,505,1.35812665493591e-07
5,505,41.8
6,505,0.0316848695001414
1,506,12.8
2,506,0.031469814307116
3,506,1.5
4,506,2.14239361818554e-12
5,506,0
6,506,0
1,507,5
2,507,0.0212266896720501
3,507,7.8
4,507,6.18775359051658e-08
5,507,0
6,507,0
1,508,0
2,508,0
3,508,12
4,508,7.84347647905742e-08
5,508,0
6,508,0
1,509,0
2,509,0
3,509,18.2
4,509,1.13685556853631e-07
5,509,0
6,509,0
1,510,0
2,510,0
3,510,9.7
4,510,1.23709793994856e-07
5,510,0
6,510,0
1,511,0
2,511,0
3,511,2.85714285714286
4,511,2.41505869274181e-07
5,511,11.2
6,511,0.0285649461003811
1,512,0
2,512,0
3,512,0
4,512,0
5,512,34.3
6,512,0.0258546691018386
1,513,0
2,513,0
3,513,0
4,513,0
5,513,33
6,513,0.0478747670699652
1,514,0
2,514,0
3,514,0
4,514,0
5,514,110.6
6,514,0.0804989104730948
1,515,0
2,515,0
3,515,0
4,515,0
5,515,67.7
6,515,0.0819522495068716
1,516,0
2,516,0
3,516,0
4,516,0
5,516,17.2
6,516,0.0603406599466931
1,517,2.16666666666667
2,517,5.3323270186008e-06
3,517,2
4,517,3.07678230503698e-10
5,517,3.66666666666667
6,517,0.0107475935861709
1,518,16.9
2,518,2.02485020286222e-06
3,518,16
4,518,1.2098784153696e-06
5,518,19.7
6,518,0.0178010085285983
1,519,0
2,519,0
3,519,2.125
4,519,3.91515644276879e-08
5,519,32.3
6,519,0.0373640352187131
1,520,17
2,520,0.0701741434899115
3,520,0
4,520,0
5,520,0
6,520,0
1,521,12.1
2,521,0.0249379202524758
3,521,0
4,521,0
5,521,0
6,521,0
1,522,0
2,522,0
3,522,6.4
4,522,4.77199270896901e-08
5,522,0
6,522,0
1,523,0
2,523,0
3,523,10.5
4,523,7.40438197100697e-08
5,523,0
6,523,0
1,524,0
2,524,0
3,524,6.6
4,524,1.12368989205412e-07
5,524,0
6,524,0
1,525,0
2,525,0
3,525,1
4,525,9.67231389676968e-12
5,525,36.7
6,525,0.0447449436968552
1,526,0
2,526,0
3,526,0
4,526,0
5,526,28
6,526,0.0194621298699203
1,527,0
2,527,0
3,527,0
4,527,0
5,527,53.6
6,527,0.049258865009431
1,528,0
2,528,0
3,528,0
4,528,0
5,528,70.1
6,528,0.0937559106970004
1,529,0
2,529,0
3,529,4
4,529,3.9943016724275e-07
5,529,54
6,529,0.0842879444957428
1,530,0
2,530,0
3,530,3.33333333333333
4,530,3.85270063293155e-10
5,530,12.5
6,530,0.0480489928308374
1,531,1
2,531,9.17540417367907e-07
3,531,3
4,531,6.86561138054693e-07
5,531,2.1
6,531,0.0299434305184936
1,532,28.2
2,532,3.51236980632642e-07
3,532,0
4,532,0
5,532,0
6,532,0
1,533,0
2,533,0
3,533,2.875
4,533,4.40717752807205e-09
5,533,24.7
6,533,0.00034112356408086
1,534,31.3
2,534,0.0301813214171312
3,534,0
4,534,0
5,534,0
6,534,0
1,535,6.44444444444444
2,535,0.016572363112463
3,535,2.55555555555556
4,535,4.51101378521625e-08
5,535,0
6,535,0
1,536,0
2,536,0
3,536,7.6
4,536,5.81849420009242e-08
5,536,0
6,536,0
1,537,0
2,537,0
3,537,9.9
4,537,1.75866756709359e-07
5,537,1
6,537,1.73182220270174e-05
1,538,0
2,538,0
3,538,1
4,538,2.80747256051412e-06
5,538,75.3
6,538,0.0564987426025559
1,539,0
2,539,0
3,539,0
4,539,0
5,539,42
6,539,0.0388613816288495
1,540,0
2,540,0
3,540,0
4,540,0
5,540,39.5
6,540,0.0682271302884707
1,541,0
2,541,0
3,541,0
4,541,0
5,541,47.1
6,541,0.111919464489341
1,542,0
2,542,0
3,542,7.22222222222222
4,542,5.08226733098041e-07
5,542,20.5
6,542,0.069704357587778
1,543,24.1
2,543,0.000255115415181568
3,543,6
4,543,2.85693607827845e-07
5,543,0
6,543,0
1,544,4.2
2,544,6.66219195030495e-05
3,544,4.88888888888889
4,544,4.66248225878466e-07
5,544,1
6,544,0.0599190105339407
1,545,18.2
2,545,1.63849922148923e-06
3,545,9.5
4,545,1.68400024369362e-09
5,545,24.8
6,545,0.000573124809803127
1,546,1364.5
2,546,0.492883366455399
3,546,0
4,546,0
5,546,0
6,546,0
1,547,56.8
2,547,0.0746505132901949
3,547,0
4,547,0
5,547,0
6,547,0
1,548,15.8
2,548,0.0148831361362061
3,548,1.5
4,548,3.04402326226188e-11
5,548,0
6,548,0
1,549,0
2,549,0
3,549,7
4,549,8.82799801300128e-08
5,549,0
6,549,0
1,550,0
2,550,0
3,550,10.3
4,550,2.00552649349197e-07
5,550,0
6,550,0
1,551,0
2,551,0
3,551,1
4,551,1.79498076239235e-12
5,551,29.7
6,551,0.0360900567833863
1,552,0
2,552,0
3,552,0
4,552,0
5,552,40.8
6,552,0.0480887059522892
1,553,0
2,553,0
3,553,0
4,553,0
5,553,62.1
6,553,0.102786622204294
1,554,0
2,554,0
3,554,3.11111111111111
4,554,4.99199284283249e-07
5,554,41.6
6,554,0.0536099962005871
1,555,11.4
2,555,0.000555155219875768
3,555,6.9
4,555,8.88091677625847e-07
5,555,1.33333333333333
6,555,0.0517557122895756
1,556,55
2,556,0.000662618151460545
3,556,1
4,556,6.69314123213613e-07
5,556,0
6,556,0
1,557,108.7
2,557,5.00114024855974e-07
3,557,7
4,557,7.66653064925457e-08
5,557,0
6,557,0
1,558,272
2,558,0.283376719541685
3,558,0
4,558,0
5,558,0
6,558,0
1,559,140
2,559,0.158594858819723
3,559,0
4,559,0
5,559,0
6,559,0
1,560,14.9
2,560,0.0241668102257059
3,560,0
4,560,0
5,560,0
6,560,0
1,561,3.77777777777778
2,561,0.00879678729156167
3,561,6.5
4,561,7.32301578513348e-08
5,561,0
6,561,0
1,562,0
2,562,0
3,562,12.5
4,562,1.2764409796039e-07
5,562,0
6,562,0
1,563,0
2,563,0
3,563,4.77777777777778
4,563,3.59605177089765e-07
5,563,11.6
6,563,0.0261616234021972
1,564,0
2,564,0
3,564,0
4,564,0
5,564,30.3
6,564,0.037607219794528
1,565,0
2,565,0
3,565,0
4,565,0
5,565,122.3
6,565,0.175874823356115
1,566,0
2,566,0
3,566,8.3
4,566,2.95429439139492e-07
5,566,32.5
6,566,0.0289596692521945
1,567,15.1
2,567,0.000399940009425502
3,567,7.3
4,567,6.10237417745537e-07
5,567,0
6,567,0
1,568,59.5
2,568,0.000344587503409124
3,568,2.2
4,568,1.18097753984384e-11
5,568,0
6,568,0
1,569,173.2
2,569,2.38939161426928e-06
3,569,8.5
4,569,4.39239541985304e-08
5,569,0
6,569,0
1,570,652.5
2,570,9.65392403517839e-08
3,570,86.2
4,570,7.71074133630369e-09
5,570,0
6,570,0
1,571,0
2,571,0
3,571,0
4,571,0
5,571,23.2222222222222
6,571,0.000285600179722737
1,572,132.2
2,572,0.148004595613274
3,572,0
4,572,0
5,572,0
6,572,0
1,573,28.4
2,573,0.0338825823286068
3,573,0
4,573,0
5,573,0
6,573,0
1,574,17.5555555555556
2,574,0.0106968056175365
3,574,1.75
4,574,1.84706877271556e-11
5,574,0
6,574,0
1,575,0
2,575,0
3,575,15.6
4,575,8.70369143779418e-08
5,575,0
6,575,0
1,576,0
2,576,0
3,576,14.9
4,576,2.31909235644399e-07
5,576,0
6,576,0
1,577,0
2,577,0
3,577,0
4,577,0
5,577,42
6,577,0.0437722334768702
1,578,0
2,578,0
3,578,0
4,578,0
5,578,48.9
6,578,0.173103235483342
1,579,0
2,579,0
3,579,2.4
4,579,1.24585297646191e-09
5,579,40
6,579,0.0348690082970544
1,580,12.8
2,580,0.000569771984241387
3,580,12.6
4,580,3.51920089503085e-07
5,580,0
6,580,0
1,581,43.8
2,581,3.70081744338586e-18
3,581,1.5
4,581,4.69723192723731e-15
5,581,0
6,581,0
1,582,0
2,582,0
3,582,0
4,582,0
5,582,26.4444444444444
6,582,0.000205614297985014
1,583,54.1
2,583,1.15448727031561e-06
3,583,12.3
4,583,3.62762689638398e-09
5,583,3
6,583,1.41913795945553e-05
1,584,427.4
2,584,0.409778987628252
3,584,0
4,584,0
5,584,0
6,584,0
1,585,61.5
2,585,0.0642505640474859
3,585,0
4,585,0
5,585,0
6,585,0
1,586,15.2
2,586,0.0149463868613991
3,586,0
4,586,0
5,586,0
6,586,0
1,587,14.2
2,587,0.0102513463987291
3,587,16.2
4,587,7.42512527429075e-08
5,587,0
6,587,0
1,588,0
2,588,0
3,588,14.9
4,588,1.21266592996113e-07
5,588,0
6,588,0
1,589,0
2,589,0
3,589,6.6
4,589,2.54818580708517e-07
5,589,2.5
6,589,0.00205323540101437
1,590,0
2,590,0
3,590,0
4,590,0
5,590,19.1
6,590,0.0434642771376216
1,591,0
2,591,0
3,591,1.33333333333333
4,591,8.3176612675729e-11
5,591,31.6
6,591,0.0882777430825406
1,592,6.7
2,592,0.000453738027420955
3,592,2.71428571428571
4,592,1.79311880892902e-10
5,592,0
6,592,0
1,593,95.7
2,593,6.58693124230292e-18
3,593,0
4,593,0
5,593,0
6,593,0
1,594,105.6
2,594,0.213572973590117
3,594,0
4,594,0
5,594,0
6,594,0
1,595,39.6
2,595,0.0518035500545376
3,595,0
4,595,0
5,595,0
6,595,0
1,596,44.3
2,596,0.016583370895255
3,596,1.66666666666667
4,596,2.29697294014829e-12
5,596,0
6,596,0
1,597,0
2,597,0
3,597,29.7
4,597,1.31836987517017e-07
5,597,0
6,597,0
1,598,0
2,598,0
3,598,19.2
4,598,2.1153010189908e-07
5,598,0
6,598,0
1,599,0
2,599,0
3,599,5.5
4,599,3.02419893011502e-07
5,599,2.88888888888889
6,599,0.00923419383685256
1,600,0
2,600,0
3,600,0
4,600,0
5,600,9.2
6,600,0.0540020339596936
1,601,6.1
2,601,0.000289224864614016
3,601,1.9
4,601,1.44621530795577e-07
5,601,1
6,601,0.000725404309934842
1,602,930.8
2,602,0.931708357187855
3,602,0
4,602,0
5,602,0
6,602,0
1,603,92.5
2,603,0.169612980371641
3,603,0
4,603,0
5,603,0
6,603,0
1,604,33.9
2,604,0.0444409590033589
3,604,0
4,604,0
5,604,0
6,604,0
1,605,36.9
2,605,0.0309559523949632
3,605,13.4444444444444
4,605,2.81201218755473e-11
5,605,0
6,605,0
1,606,0
2,606,0
3,606,40.6
4,606,1.9069055612378e-07
5,606,0
6,606,0
1,607,0
2,607,0
3,607,28.6
4,607,1.97675510252802e-07
5,607,0
6,607,0
1,608,0
2,608,0
3,608,8.2
4,608,1.80882453724527e-07
5,608,1.5
6,608,0.00199807657122896
1,609,0
2,609,0
3,609,4
4,609,2.63704880790369e-07
5,609,9.2
6,609,0.0515386535540692
1,610,14
2,610,2.00563952647186e-05
3,610,4.875
4,610,3.39137987265259e-13
5,610,1.25
6,610,8.95995382513725e-06
1,611,1050.9
2,611,3.60920718072504e-05
3,611,0
4,611,0
5,611,0
6,611,0
1,612,414.8
2,612,0.604147450698281
3,612,0
4,612,0
5,612,0
6,612,0
1,613,78.9
2,613,0.130276782025186
3,613,0
4,613,0
5,613,0
6,613,0
1,614,32.9
2,614,0.0567700428167513
3,614,0
4,614,0
5,614,0
6,614,0
1,615,2.375
2,615,0.0409301857325034
3,615,39.5
4,615,1.27603373447726e-07
5,615,0
6,615,0
1,616,0
2,616,0
3,616,35.5
4,616,2.19275383064014e-07
5,616,0
6,616,0
1,617,0
2,617,0
3,617,23.7
4,617,1.72107492784333e-07
5,617,0
6,617,0
1,618,0
2,618,0
3,618,5.66666666666667
4,618,1.34751252736838e-10
5,618,14.4
6,618,0.0893489701607673
1,619,36.6
2,619,0.00175743044742438
3,619,7.8
4,619,2.1035221176012e-07
5,619,4.6
6,619,0.0485527930936963
1,620,104.4
2,620,0.000464185705166844
3,620,0
4,620,0
5,620,0
6,620,0
1,621,11.3
2,621,7.52862516647502e-05
3,621,2
4,621,2.65499736602321e-14
5,621,2.625
6,621,5.31762884961532e-05
1,622,161.2
2,622,0.429244469504421
3,622,0
4,622,0
5,622,0
6,622,0
1,623,63.8
2,623,0.144010139622078
3,623,0
4,623,0
5,623,0
6,623,0
1,624,20
2,624,0.0717000270393131
3,624,10.7142857142857
4,624,6.90744814600534e-12
5,624,0
6,624,0
1,625,0
2,625,0
3,625,49.6
4,625,1.94003742664053e-07
5,625,0
6,625,0
1,626,0
2,626,0
3,626,19.3
4,626,1.95943536455945e-07
5,626,0
6,626,0
1,627,0
2,627,0
3,627,2
4,627,8.12594001269343e-11
5,627,12.4444444444444
6,627,0.0886348344251914
1,628,1.4
2,628,0.00352712498642283
3,628,5.3
4,628,1.29007040744446e-07
5,628,9.7
6,628,0.053695965369662
1,629,7.33333333333333
2,629,0.000102515648160254
3,629,1.33333333333333
4,629,1.63717389447851e-13
5,629,3
6,629,1.20016428519727e-05
1,630,235
2,630,0.391235378624624
3,630,0
4,630,0
5,630,0
6,630,0
1,631,111.9
2,631,0.365801282781288
3,631,0
4,631,0
5,631,0
6,631,0
1,632,26
2,632,0.156357755347257
3,632,1.5
4,632,7.61594223785817e-12
5,632,0
6,632,0
1,633,0
2,633,0
3,633,28.75
4,633,3.43978162526254e-11
5,633,0
6,633,0
1,634,0
2,634,0
3,634,19.6666666666667
4,634,1.03732286121246e-10
5,634,0
6,634,0
1,635,0
2,635,0
3,635,5.3
4,635,2.20376451448632e-07
5,635,5.375
6,635,0.0471374024094366
1,636,1.83333333333333
2,636,0.00193951125632325
3,636,3.33333333333333
4,636,1.28107509689014e-07
5,636,1
6,636,9.34926623439134e-13
1,637,2
2,637,9.54002295319877e-18
3,637,2
4,637,2.76806899253448e-13
5,637,2.25
6,637,1.2363480348263e-05
1,638,237.8
2,638,0.269817966160423
3,638,0
4,638,0
5,638,0
6,638,0
1,639,34.7
2,639,0.320919061449985
3,639,0
4,639,0
5,639,0
6,639,0
1,640,1.25
2,640,0.142068800373237
3,640,3.375
4,640,1.30925486729176e-08
5,640,0
6,640,0
1,641,0
2,641,0
3,641,14.2222222222222
4,641,5.17907580803276e-11
5,641,0
6,641,0
1,642,0
2,642,0
3,642,15.7
4,642,2.50456259306357e-07
5,642,0
6,642,0
1,643,0
2,643,0
3,643,13.2
4,643,1.88285860437169e-07
5,643,1
6,643,0.0048931682680614
1,644,0
2,644,0
3,644,1
4,644,1.74110492615699e-14
5,644,3.5
6,644,2.47622151828554e-06
1,645,21.3
2,645,0.000249383030891272
3,645,1
4,645,1.17780043069012e-12
5,645,0
6,645,0
1,646,28.8
2,646,0.225226815864475
3,646,0
4,646,0
5,646,0
6,646,0
1,647,3.5
2,647,0.194436297416119
3,647,1.25
4,647,2.52714623561896e-12
5,647,0
6,647,0
1,648,0
2,648,0
3,648,3
4,648,7.32255311601534e-12
5,648,0
6,648,0
1,649,0
2,649,0
3,649,7
4,649,1.13775889728438e-07
5,649,0
6,649,0
1,650,0
2,650,0
3,650,9.4
4,650,2.90744305483599e-07
5,650,0
6,650,0
1,651,6.9
2,651,0.00302340040129994
3,651,2
4,651,2.4506538100754e-07
5,651,0
6,651,0
1,652,0
2,652,0
3,652,0
4,652,0
5,652,2
6,652,2.58261717065491e-06
1,653,3.5
2,653,0.000243467452042986
3,653,1
4,653,1.97644274325591e-14
5,653,0
6,653,0
1,654,8.11111111111111
2,654,0.0123666410177873
3,654,1
4,654,1.33214370058554e-13
5,654,0
6,654,0
1,655,14.3
2,655,0.0127645567631896
3,655,1.4
4,655,2.92636322298248e-13
5,655,0
6,655,0
1,656,1.875
2,656,0.011066494818043
3,656,1.14285714285714
4,656,8.4777280573684e-09
5,656,0
6,656,0
1,657,2.625
2,657,0.0115901264105022
3,657,1.5
4,657,1.20696658721654e-12
5,657,0
6,657,0
1,658,1.875
2,658,0.117422511160422
3,658,1.5
4,658,2.77536480016947e-13
5,658,0
6,658,0
1,659,0
2,659,0
3,659,1.8
4,659,8.19083074056568e-13
5,659,0
6,659,0
1,660,0
2,660,0
3,660,1.875
4,660,4.80818626868578e-08
5,660,0
6,660,0
1,661,0
2,661,0
3,661,6.5
4,661,1.80886802245969e-07
5,661,0
6,661,0
1,662,7.8
2,662,0.00911796244416067
3,662,1.66666666666667
4,662,1.03995355384473e-10
5,662,0
6,662,0
1,663,5.1
2,663,0.000235166361056962
3,663,0
4,663,0
5,663,0
6,663,0
1,664,6
2,664,0.000174291524695891
3,664,0
4,664,0
5,664,0
6,664,0
1,665,0
2,665,0
3,665,1
4,665,4.70502476124293e-14
5,665,2.75
6,665,9.79381717676505e-05
1,666,2
2,666,0.00056259774397967
3,666,1
4,666,3.77561031825779e-14
5,666,0
6,666,0
1,667,1.66666666666667
2,667,0.00481132786214812
3,667,1.66666666666667
4,667,7.95339656147577e-13
5,667,0
6,667,0
1,668,8.2
2,668,0.00691700436646932
3,668,4
4,668,1.28150006070078e-08
5,668,1.875
6,668,7.71817890022773e-05
1,669,0
2,669,0
3,669,4.66666666666667
4,669,3.1917325898803e-08
5,669,3.9
6,669,0.00021061130959679
1,670,0
2,670,0
3,670,2.375
4,670,2.47672676036393e-08
5,670,4.1
6,670,0.000396367667977378
1,671,0
2,671,0
3,671,1
4,671,1.03509859340614e-13
5,671,4.44444444444444
6,671,0.000581196821137167
1,672,0
2,672,0
3,672,1.33333333333333
4,672,3.91434627579592e-12
5,672,3.3
6,672,0.000528699629427814
1,673,0
2,673,0
3,673,1.5
4,673,1.82796972122274e-08
5,673,3.8
6,673,0.000676919834428666
1,674,0
2,674,0
3,674,2.5
4,674,4.44322841666203e-12
5,674,1
6,674,0.000199177192859939
1,675,2.7
2,675,0.025110206324035
3,675,1.4
4,675,2.33601614097278e-12
5,675,0
6,675,0
1,676,1.28571428571429
2,676,0.0597751413518985
3,676,1
4,676,1.22261959056313e-14
5,676,0
6,676,0
1,677,0
2,677,0
3,677,1.4
4,677,4.46000436490194e-12
5,677,0
6,677,0
1,678,0
2,678,0
3,678,4.8
4,678,2.71813284476288e-11
5,678,0
6,678,0
1,679,3.6
2,679,0.0165431935263133
3,679,2.2
4,679,2.28610275164249e-07
5,679,0
6,679,0
1,680,23
2,680,0.00308382923377016
3,680,2
4,680,3.45933248400092e-10
5,680,0
6,680,0
1,681,13.1
2,681,0.000377149911627178
3,681,0
4,681,0
5,681,0
6,681,0
1,682,0
2,682,0
3,682,2
4,682,2.09814970181731e-15
5,682,2
6,682,0.000162672623181515
1,683,0
2,683,0
3,683,0
4,683,0
5,683,33
6,683,0.00078881277102682
1,684,0
2,684,0
3,684,0
4,684,0
5,684,49.1
6,684,0.00140740669701416
1,685,0
2,685,0
3,685,0
4,685,0
5,685,58.7
6,685,0.00151201848316352
1,686,0
2,686,0
3,686,0
4,686,0
5,686,54.5
6,686,0.00192399106711242
1,687,0
2,687,0
3,687,0
4,687,0
5,687,94.3
6,687,0.0020661997027996
1,688,0
2,688,0
3,688,0
4,688,0
5,688,80.3
6,688,0.00198732591168873
1,689,0
2,689,0
3,689,1
4,689,6.63297180498243e-08
5,689,14
6,689,0.00123141779779429
1,690,1.5
2,690,0.0383947948941561
3,690,1
4,690,1.68236627359453e-12
5,690,3.33333333333333
6,690,0.000297990901610101
1,691,0
2,691,0
3,691,1.875
4,691,6.22153356453003e-12
5,691,1
6,691,0.000659332696695786
1,692,0
2,692,0
3,692,3
4,692,8.16478639678761e-08
5,692,0
6,692,0
1,693,0
2,693,0
3,693,3.25
4,693,3.75906599723403e-11
5,693,1
6,693,0.00245086902059002
1,694,11
2,694,0.011109486491796
3,694,2.2
4,694,8.60961395860193e-11
5,694,0
6,694,0
1,695,29.2
2,695,0.00766679574640298
3,695,3.55555555555556
4,695,4.13215446658067e-07
5,695,0
6,695,0
1,696,61.1
2,696,0.00387382729882386
3,696,0
4,696,0
5,696,0
6,696,0
1,697,0
2,697,0
3,697,0
4,697,0
5,697,6.55555555555556
6,697,9.10859535449818e-06
1,698,0
2,698,0
3,698,0
4,698,0
5,698,63.9
6,698,0.00246003977556003
1,699,0
2,699,0
3,699,0
4,699,0
5,699,137.5
6,699,0.00314108434729916
1,700,0
2,700,0
3,700,0
4,700,0
5,700,93.5
6,700,0.00222369365472622
1,701,0
2,701,0
3,701,0
4,701,0
5,701,40.4
6,701,0.00200767507784842
1,702,0
2,702,0
3,702,0
4,702,0
5,702,95.5
6,702,0.00242117338737668
1,703,0
2,703,0
3,703,0
4,703,0
5,703,69.1
6,703,0.00270092271590092
1,704,0
2,704,0
3,704,0
4,704,0
5,704,10.8
6,704,0.00262330378025522
1,705,0
2,705,0
3,705,0
4,705,0
5,705,1
6,705,0.000258933103003325
1,706,1.85714285714286
2,706,0.0140156643573704
3,706,3.66666666666667
4,706,5.2548313722085e-11
5,706,0
6,706,0
1,707,50.1
2,707,0.00537464916997032
3,707,2.6
4,707,1.61165185937691e-07
5,707,0
6,707,0
1,708,0
2,708,0
3,708,0
4,708,0
5,708,12.5
6,708,1.46242138297897e-05
1,709,0
2,709,0
3,709,0
4,709,0
5,709,21.5
6,709,0.000462822335942662
1,710,0
2,710,0
3,710,0
4,710,0
5,710,12.2
6,710,0.00186671311342956
1,711,0
2,711,0
3,711,0
4,711,0
5,711,93.4
6,711,0.00457944562536253
1,712,0
2,712,0
3,712,0
4,712,0
5,712,5.1
6,712,0.00203106196133955
1,713,1.7
2,713,0.0162647364645301
3,713,2.22222222222222
4,713,7.22981271142042e-11
5,713,1
6,713,0.00162945732732164
1,714,17.8
2,714,0.00571559206237656
3,714,23
4,714,1.45553601212566e-07
5,714,0
6,714,0
1,715,44.1
2,715,0.00509676370448375
3,715,13
4,715,1.5373870470048e-07
5,715,0
6,715,0
1,716,0
2,716,0
3,716,0
4,716,0
5,716,69.5
6,716,0.000922469099464457
1,717,0
2,717,0
3,717,2.88888888888889
4,717,2.25039723994418e-07
5,717,151.4
6,717,0.00715159632532615
1,718,0
2,718,0
3,718,0
4,718,0
5,718,24.3
6,718,0.0019330772361415
1,719,0
2,719,0
3,719,1
4,719,7.3343400877568e-11
5,719,6.1
6,719,0.00133124837357977
1,720,0
2,720,0
3,720,12.8
4,720,1.61734176202312e-07
5,720,18.2
6,720,0.000542872440963615
1,721,0
2,721,0
3,721,0
4,721,0
5,721,2.55555555555556
6,721,0.000456732853210859
1,722,0
2,722,0
3,722,0
4,722,0
5,722,3.2
6,722,0.000584210904628173
1,723,0
2,723,0
3,723,0
4,723,0
5,723,58
6,723,0.00114291743810428
1,724,0
2,724,0
3,724,0
4,724,0
5,724,8.3
6,724,0.000678993289163091
1,725,0
2,725,0
3,725,0
4,725,0
5,725,6.6
6,725,0.000847619834055823
1,726,0
2,726,0
3,726,0
4,726,0
5,726,101.7
6,726,0.00493891560793483
1,727,0
2,727,0
3,727,0
4,727,0
5,727,30.1
6,727,0.00205746641516788
1,728,0
2,728,0
3,728,1
4,728,1.36465974460909e-07
5,728,10.4
6,728,0.00107618746062642
1,729,0
2,729,0
3,729,9
4,729,1.69164248908241e-07
5,729,52.8
6,729,0.00119912371409118
1,730,0
2,730,0
3,730,2.375
4,730,1.86803902824978e-07
5,730,29.2
6,730,0.00102211047094378
1,731,262.4
2,731,0.000300287364728514
3,731,18.7
4,731,1.76906984952868e-08
5,731,0
6,731,0
