id,cost,status,xloc,yloc
1,0.1,3,313243.95260297,925944.53952376
2,0.1,3,323989.6519212,925944.53952376
3,0.1,3,307871.10294385,935250.58811478
4,0.1,3,318616.80226208,935250.58811478
5,0.1,3,329362.50158032,935250.58811478
6,0.1,3,340108.20089855,935250.58811478
7,0.1,3,447565.19408091,935250.58811478
8,0.1,3,458310.89339914,935250.58811478
9,0.1,3,469056.59271738,935250.58811478
10,0.1,3,479802.29203561,935250.58811478
11,0.1,3,291752.55396649,944556.63670581
12,0.1,3,302498.25328473,944556.6367058
13,0.1,3,313243.95260297,944556.63670581
14,0.1,3,323989.6519212,944556.63670581
15,0.1,3,334735.35123944,944556.63670581
16,0.1,3,345481.05055767,944556.6367058
17,0.1,3,356226.74987591,944556.63670581
18,0.1,3,420700.94578532,944556.6367058
19,0.1,3,431446.64510356,944556.63670581
20,0.1,3,442192.34442179,944556.63670581
21,0.1,0,485175.14169473,944556.63670581
22,0.1,0,495920.84101297,944556.6367058
23,0.1,3,286379.70430738,953862.68529682
24,0.1,3,297125.40362561,953862.68529683
25,0.1,3,307871.10294385,953862.68529683
26,0.1,3,318616.80226208,953862.68529682
27,0.1,3,329362.50158032,953862.68529682
28,0.1,3,340108.20089855,953862.68529682
29,0.1,3,350853.90021679,953862.68529683
30,0.1,3,361599.59953502,953862.68529682
31,0.1,0,372345.29885326,953862.68529683
32,0.1,3,404582.39680797,953862.68529682
33,0.1,3,415328.0961262,953862.68529683
34,0.1,0,501293.69067209,953862.68529683
35,0.1,3,281006.85464826,963168.73388785
36,0.1,3,291752.55396649,963168.73388784
37,0.1,3,302498.25328473,963168.73388785
38,0.1,0,313243.95260297,963168.73388784
39,0.1,0,323989.6519212,963168.73388785
40,0.1,3,334735.35123944,963168.73388784
41,0.1,3,345481.05055767,963168.73388785
42,0.1,3,356226.74987591,963168.73388784
43,0.1,0,366972.44919414,963168.73388785
44,0.1,0,377718.14851238,963168.73388785
45,0.1,0,495920.84101297,963168.73388785
46,0.1,3,275634.00498914,972474.78247887
47,0.1,3,286379.70430738,972474.78247887
48,0.1,3,297125.40362561,972474.78247887
49,0.1,3,307871.10294385,972474.78247887
50,0.1,3,318616.80226208,972474.78247887
51,0.1,3,329362.50158032,972474.78247887
52,0.1,3,340108.20089855,972474.78247887
53,0.1,0,350853.90021679,972474.78247887
54,0.1,0,361599.59953502,972474.78247887
55,0.1,0,372345.29885326,972474.78247887
56,0.1,3,270261.15533002,981780.83106989
57,0.1,3,281006.85464826,981780.83106989
58,0.1,3,291752.55396649,981780.83106989
59,0.1,3,302498.25328473,981780.83106989
60,0.1,3,313243.95260297,981780.83106989
61,0.1,0,323989.6519212,981780.83106989
62,0.1,0,334735.35123944,981780.83106989
63,0.1,0,345481.05055767,981780.83106989
64,0.1,3,254142.60635267,991086.8796609
65,0.1,3,264888.30567091,991086.87966091
66,0.1,3,275634.00498914,991086.87966091
67,0.1,3,286379.70430738,991086.87966091
68,0.1,3,297125.40362561,991086.87966091
69,0.1,0,307871.10294385,991086.87966091
70,0.1,0,318616.80226208,991086.87966091
71,0.1,0,329362.50158032,991086.87966091
72,0.1,3,490547.99135385,991086.87966091
73,0.1,3,259515.45601179,1000392.92825193
74,0.1,3,270261.15533002,1000392.92825193
75,0.1,3,281006.85464826,1000392.92825193
76,0.1,3,291752.55396649,1000392.92825193
77,0.1,0,302498.25328473,1000392.92825193
78,0.1,0,313243.95260297,1000392.92825193
79,0.1,0,506666.5403312,1000392.92825193
80,0.1,3,232651.2077162,1009698.97684295
81,0.1,3,243396.90703444,1009698.97684295
82,0.1,3,254142.60635267,1009698.97684295
83,0.1,3,264888.30567091,1009698.97684295
84,0.1,3,275634.00498914,1009698.97684295
85,0.1,0,286379.70430738,1009698.97684295
86,0.1,0,297125.40362561,1009698.97684295
87,0.1,0,490547.99135385,1009698.97684295
88,0.1,3,227278.35805708,1019005.02543397
89,0.1,3,238024.05737532,1019005.02543397
90,0.1,3,248769.75669355,1019005.02543397
91,0.1,3,259515.45601179,1019005.02543397
92,0.1,0,270261.15533002,1019005.02543397
93,0.1,3,281006.85464826,1019005.02543397
94,0.1,3,291752.55396649,1019005.02543397
95,0.1,0,463683.74305826,1019005.02543397
96,0.1,0,474429.4423765,1019005.02543397
97,0.1,0,485175.14169473,1019005.02543397
98,0.1,3,221905.50839796,1028311.07402499
99,0.1,3,232651.2077162,1028311.07402499
100,0.1,3,243396.90703444,1028311.07402499
101,0.1,0,254142.60635267,1028311.07402499
102,0.1,0,264888.30567091,1028311.07402499
103,0.1,3,275634.00498914,1028311.07402499
104,0.1,3,286379.70430738,1028311.07402499
105,0.1,0,490547.99135385,1028311.07402499
106,0.1,3,216532.65873885,1037617.12261602
107,0.1,3,227278.35805708,1037617.12261602
108,0.1,0,238024.05737532,1037617.12261601
109,0.1,3,248769.75669355,1037617.12261602
110,0.1,3,259515.45601179,1037617.12261601
111,0.1,3,270261.15533002,1037617.12261601
112,0.1,0,463683.74305826,1037617.12261602
113,0.1,0,485175.14169473,1037617.12261602
114,0.1,3,211159.80907973,1046923.17120704
115,0.1,3,221905.50839796,1046923.17120704
116,0.1,0,232651.2077162,1046923.17120704
117,0.1,3,243396.90703444,1046923.17120704
118,0.1,0,436819.49476267,1046923.17120704
119,0.1,3,479802.29203561,1046923.17120704
120,0.1,3,205786.95942061,1056229.21979806
121,0.1,3,216532.65873885,1056229.21979806
122,0.1,0,227278.35805708,1056229.21979806
123,0.1,0,238024.05737532,1056229.21979806
124,0.1,0,399209.54714885,1056229.21979806
125,0.1,0,409955.24646708,1056229.21979806
126,0.1,3,442192.34442179,1056229.21979806
127,0.1,0,452938.04374003,1056229.21979806
128,0.1,0,463683.74305826,1056229.21979806
129,0.1,3,200414.10976149,1065535.26838907
130,0.1,3,211159.80907973,1065535.26838908
131,0.1,0,221905.50839796,1065535.26838908
132,0.1,0,393836.69748973,1065535.26838908
133,0.1,0,404582.39680797,1065535.26838908
134,0.1,3,426073.79544444,1065535.26838908
135,0.1,3,195041.26010238,1074841.3169801
136,0.1,3,205786.95942061,1074841.3169801
137,0.1,0,216532.65873885,1074841.3169801
138,0.1,0,377718.14851238,1074841.31698009
139,0.1,0,388463.84783061,1074841.3169801
140,0.1,0,399209.54714885,1074841.3169801
141,0.1,0,431446.64510356,1074841.3169801
142,0.1,0,485175.14169473,1074841.3169801
143,0.1,3,189668.41044326,1084147.36557112
144,0.1,0,200414.10976149,1084147.36557112
145,0.1,0,211159.80907973,1084147.36557112
146,0.1,0,372345.29885326,1084147.36557112
147,0.1,3,383090.9981715,1084147.36557112
148,0.1,0,393836.69748973,1084147.36557112
149,0.1,3,415328.0961262,1084147.36557112
150,0.1,3,173549.86146591,1093453.41416214
151,0.1,3,184295.56078414,1093453.41416214
152,0.1,0,195041.26010238,1093453.41416214
153,0.1,3,205786.95942061,1093453.41416214
154,0.1,0,409955.24646708,1093453.41416214
155,0.1,3,168177.01180679,1102759.46275316
156,0.1,0,178922.71112502,1102759.46275316
157,0.1,0,189668.41044326,1102759.46275316
158,0.1,0,361599.59953502,1102759.46275316
159,0.1,0,372345.29885326,1102759.46275316
160,0.1,0,426073.79544444,1102759.46275316
161,0.1,3,162804.16214767,1112065.51134418
162,0.1,0,173549.86146591,1112065.51134418
163,0.1,3,356226.74987591,1112065.51134418
164,0.1,0,366972.44919414,1112065.51134418
165,0.1,0,377718.14851238,1112065.51134418
166,0.1,0,146685.61317032,1121371.5599352
167,0.1,0,168177.01180679,1121371.5599352
168,0.1,0,350853.90021679,1121371.5599352
169,0.1,0,141312.7635112,1130677.60852623
170,0.1,0,152058.46282943,1130677.60852623
171,0.1,3,366972.44919414,1130677.60852623
172,0.1,0,135939.91385208,1139983.65711725
173,0.1,0,146685.61317032,1139983.65711724
174,0.1,3,130567.06419296,1149289.70570827
175,0.1,0,141312.7635112,1149289.70570826
176,0.1,3,114448.51521561,1158595.75429929
177,0.1,0,125194.21453385,1158595.75429928
178,0.1,3,109075.66555649,1167901.80289031
179,0.1,0,119821.36487473,1167901.8028903
180,0.1,3,313243.95260297,1167901.80289031
181,0.1,3,103702.81589737,1177207.85148132
182,0.1,0,114448.51521561,1177207.85148132
183,0.1,3,87584.26692002,1186513.90007235
184,0.1,3,98329.96623826,1186513.90007235
185,0.1,0,109075.66555649,1186513.90007235
186,0.1,0,195041.26010238,1186513.90007235
187,0.1,0,227278.35805708,1186513.90007235
188,0.1,3,49974.3193062,1195819.94866337
189,0.1,0,60720.01862443,1195819.94866337
190,0.1,0,71465.71794267,1195819.94866337
191,0.1,0,82211.4172609,1195819.94866337
192,0.1,0,103702.81589737,1195819.94866337
193,0.1,0,189668.41044326,1195819.94866337
194,0.1,0,200414.10976149,1195819.94866337
195,0.1,3,211159.80907973,1195819.94866337
196,0.1,0,221905.50839796,1195819.94866337
197,0.1,3,44601.46964708,1205125.99725439
198,0.1,0,55347.16896532,1205125.99725439
199,0.1,0,76838.56760179,1205125.99725439
200,0.1,0,87584.26692002,1205125.99725439
201,0.1,0,98329.96623826,1205125.99725439
202,0.1,0,109075.66555649,1205125.99725439
203,0.1,0,119821.36487473,1205125.99725439
204,0.1,0,173549.86146591,1205125.99725439
205,0.1,3,184295.56078414,1205125.99725439
206,0.1,0,195041.26010238,1205125.99725439
207,0.1,3,28482.92066973,1214432.04584541
208,0.1,3,39228.61998796,1214432.04584541
209,0.1,3,49974.3193062,1214432.04584541
210,0.1,0,60720.01862443,1214432.04584541
211,0.1,0,71465.71794267,1214432.04584541
212,0.1,0,82211.4172609,1214432.04584541
213,0.1,0,92957.11657914,1214432.04584541
214,0.1,0,103702.81589737,1214432.04584541
215,0.1,0,114448.51521561,1214432.04584541
216,0.1,0,125194.21453385,1214432.04584541
217,0.1,0,135939.91385208,1214432.04584541
218,0.1,0,157431.31248855,1214432.04584541
219,0.1,0,168177.01180679,1214432.04584541
220,0.1,0,178922.71112502,1214432.04584541
221,0.1,3,33855.77032884,1223738.09443644
222,0.1,3,44601.46964708,1223738.09443644
223,0.1,3,55347.16896532,1223738.09443643
224,0.1,3,66092.86828355,1223738.09443644
225,0.1,0,76838.56760179,1223738.09443644
226,0.1,0,87584.26692002,1223738.09443644
227,0.1,0,98329.96623826,1223738.09443644
228,0.1,3,109075.66555649,1223738.09443644
229,0.1,3,119821.36487473,1223738.09443644
230,0.1,0,130567.06419296,1223738.09443643
231,0.1,0,141312.7635112,1223738.09443644
232,0.1,0,152058.46282943,1223738.09443643
233,0.1,0,162804.16214767,1223738.09443644
234,0.1,3,49974.3193062,1233044.14302746
235,0.1,3,60720.01862443,1233044.14302746
236,0.1,3,71465.71794267,1233044.14302746
237,0.1,0,82211.4172609,1233044.14302746
238,0.1,3,92957.11657914,1233044.14302746
239,0.1,3,103702.81589737,1233044.14302746
240,0.1,3,114448.51521561,1233044.14302746
241,0.1,3,125194.21453385,1233044.14302746
242,0.1,3,135939.91385208,1233044.14302746
243,0.1,3,146685.61317032,1233044.14302746
244,0.1,0,157431.31248855,1233044.14302746
245,0.1,3,55347.16896532,1242350.19161847
246,0.1,3,66092.86828355,1242350.19161848
247,0.1,3,76838.56760179,1242350.19161847
248,0.1,3,87584.26692002,1242350.19161847
249,0.1,3,98329.96623826,1242350.19161847
250,0.1,3,109075.66555649,1242350.19161848
251,0.1,3,119821.36487473,1242350.19161847
252,0.1,0,130567.06419296,1242350.19161847
253,0.1,3,141312.7635112,1242350.19161848
254,0.1,0,152058.46282943,1242350.19161847
255,0.1,3,28482.92066973,1251656.2402095
256,0.1,3,71465.71794267,1251656.2402095
257,0.1,3,82211.4172609,1251656.2402095
258,0.1,3,92957.11657914,1251656.2402095
259,0.1,3,103702.81589737,1251656.24020949
260,0.1,0,114448.51521561,1251656.2402095
261,0.1,0,125194.21453385,1251656.2402095
262,0.1,0,135939.91385208,1251656.2402095
263,0.1,0,146685.61317032,1251656.2402095
264,0.1,3,1618.67237414,1260962.28880052
265,0.1,3,12364.37169237,1260962.28880052
266,0.1,3,23110.07101061,1260962.28880051
267,0.1,3,33855.77032884,1260962.28880052
268,0.1,3,44601.46964708,1260962.28880052
269,0.1,3,55347.16896532,1260962.28880052
270,0.1,3,66092.86828355,1260962.28880052
271,0.1,3,76838.56760179,1260962.28880052
272,0.1,3,87584.26692002,1260962.28880052
273,0.1,3,98329.96623826,1260962.28880052
274,0.1,3,109075.66555649,1260962.28880052
275,0.1,0,119821.36487473,1260962.28880052
276,0.1,0,130567.06419296,1260962.28880052
277,0.1,0,141312.7635112,1260962.28880052
278,0.1,3,6991.52203326,1270268.33739154
279,0.1,3,17737.22135149,1270268.33739154
280,0.1,3,28482.92066973,1270268.33739154
281,0.1,3,39228.61998796,1270268.33739154
282,0.1,0,49974.3193062,1270268.33739153
283,0.1,0,60720.01862443,1270268.33739153
284,0.1,3,71465.71794267,1270268.33739154
285,0.1,3,82211.4172609,1270268.33739153
286,0.1,3,92957.11657914,1270268.33739154
287,0.1,3,103702.81589737,1270268.33739153
288,0.1,3,114448.51521561,1270268.33739154
289,0.1,0,125194.21453385,1270268.33739154
290,0.1,3,12364.37169237,1279574.38598256
291,0.1,3,23110.07101061,1279574.38598256
292,0.1,3,33855.77032884,1279574.38598256
293,0.1,0,44601.46964708,1279574.38598256
294,0.1,0,55347.16896532,1279574.38598256
295,0.1,0,66092.86828355,1279574.38598256
296,0.1,0,76838.56760179,1279574.38598256
297,0.1,0,87584.26692002,1279574.38598256
298,0.1,3,98329.96623826,1279574.38598256
299,0.1,3,109075.66555649,1279574.38598256
300,0.1,3,119821.36487473,1279574.38598256
301,0.1,0,152058.46282943,1279574.38598256
302,0.1,3,6991.52203326,1288880.43457358
303,0.1,3,17737.22135149,1288880.43457358
304,0.1,3,28482.92066973,1288880.43457358
305,0.1,0,39228.61998796,1288880.43457358
306,0.1,0,49974.3193062,1288880.43457358
307,0.1,0,60720.01862443,1288880.43457358
308,0.1,0,71465.71794267,1288880.43457358
309,0.1,0,82211.4172609,1288880.43457358
310,0.1,0,92957.11657914,1288880.43457358
311,0.1,3,103702.81589737,1288880.43457358
312,0.1,3,114448.51521561,1288880.43457358
313,0.1,0,125194.21453385,1288880.43457358
314,0.1,0,146685.61317032,1288880.43457358
315,0.1,3,23110.07101061,1298186.4831646
316,0.1,3,33855.77032884,1298186.4831646
317,0.1,0,44601.46964708,1298186.4831646
318,0.1,0,55347.16896532,1298186.4831646
319,0.1,0,66092.86828355,1298186.4831646
320,0.1,0,76838.56760179,1298186.4831646
321,0.1,0,87584.26692002,1298186.4831646
322,0.1,0,98329.96623826,1298186.4831646
323,0.1,3,109075.66555649,1298186.4831646
324,0.1,0,119821.36487473,1298186.4831646
325,0.1,3,-57482.67387616,1307492.53175562
326,0.1,3,-14499.87660321,1307492.53175562
327,0.1,3,-3754.17728498,1307492.53175562
328,0.1,3,28482.92066973,1307492.53175562
329,0.1,3,39228.61998796,1307492.53175562
330,0.1,3,49974.3193062,1307492.53175562
331,0.1,3,60720.01862443,1307492.53175562
332,0.1,0,71465.71794267,1307492.53175562
333,0.1,0,82211.4172609,1307492.53175562
334,0.1,0,92957.11657914,1307492.53175562
335,0.1,3,103702.81589737,1307492.53175562
336,0.1,0,114448.51521561,1307492.53175562
337,0.1,3,-62855.52353527,1316798.58034665
338,0.1,3,-19872.72626233,1316798.58034665
339,0.1,3,-9127.0269441,1316798.58034664
340,0.1,3,1618.67237414,1316798.58034665
341,0.1,3,12364.37169237,1316798.58034664
342,0.1,3,33855.77032884,1316798.58034665
343,0.1,3,44601.46964708,1316798.58034664
344,0.1,3,55347.16896532,1316798.58034664
345,0.1,3,66092.86828355,1316798.58034665
346,0.1,0,76838.56760179,1316798.58034664
347,0.1,3,87584.26692002,1316798.58034665
348,0.1,0,98329.96623826,1316798.58034665
349,0.1,0,109075.66555649,1316798.58034664
350,0.1,0,-68228.37319439,1326104.62893767
351,0.1,3,-57482.67387616,1326104.62893767
352,0.1,3,-14499.87660321,1326104.62893766
353,0.1,3,-3754.17728498,1326104.62893767
354,0.1,3,6991.52203326,1326104.62893767
355,0.1,3,17737.22135149,1326104.62893767
356,0.1,3,28482.92066973,1326104.62893767
357,0.1,3,39228.61998796,1326104.62893766
358,0.1,3,49974.3193062,1326104.62893766
359,0.1,3,60720.01862443,1326104.62893766
360,0.1,3,71465.71794267,1326104.62893766
361,0.1,3,82211.4172609,1326104.62893766
362,0.1,3,92957.11657914,1326104.62893767
363,0.1,0,-62855.52353527,1335410.67752869
364,0.1,3,-9127.0269441,1335410.67752869
365,0.1,3,1618.67237414,1335410.67752869
366,0.1,3,12364.37169237,1335410.67752869
367,0.1,3,23110.07101061,1335410.67752868
368,0.1,3,33855.77032884,1335410.67752869
369,0.1,3,44601.46964708,1335410.67752869
370,0.1,3,55347.16896532,1335410.67752868
371,0.1,3,66092.86828355,1335410.67752869
372,0.1,3,76838.56760179,1335410.67752869
373,0.1,3,87584.26692002,1335410.67752869
374,0.1,0,98329.96623826,1335410.67752869
375,0.1,0,109075.66555649,1335410.67752869
376,0.1,0,-89719.77183086,1344716.72611971
377,0.1,3,-78974.07251263,1344716.72611971
378,0.1,3,-57482.67387616,1344716.72611971
379,0.1,3,-46736.97455792,1344716.72611971
380,0.1,3,-3754.17728498,1344716.72611971
381,0.1,3,6991.52203326,1344716.72611971
382,0.1,3,17737.22135149,1344716.72611971
383,0.1,3,28482.92066973,1344716.72611971
384,0.1,3,39228.61998796,1344716.72611971
385,0.1,3,49974.3193062,1344716.72611971
386,0.1,3,60720.01862443,1344716.72611971
387,0.1,3,71465.71794267,1344716.7261197
388,0.1,3,82211.4172609,1344716.72611971
389,0.1,3,92957.11657914,1344716.72611971
390,0.1,0,103702.81589737,1344716.72611971
391,0.1,3,-62855.52353527,1354022.77471073
392,0.1,3,-52109.82421704,1354022.77471073
393,0.1,3,-41364.1248988,1354022.77471072
394,0.1,3,1618.67237414,1354022.77471073
395,0.1,3,12364.37169237,1354022.77471073
396,0.1,3,23110.07101061,1354022.77471072
397,0.1,3,33855.77032884,1354022.77471073
398,0.1,3,44601.46964708,1354022.77471073
399,0.1,3,55347.16896532,1354022.77471072
400,0.1,3,66092.86828355,1354022.77471073
401,0.1,3,76838.56760179,1354022.77471073
402,0.1,3,87584.26692002,1354022.77471072
403,0.1,0,98329.96623826,1354022.77471073
404,0.1,0,-68228.37319439,1363328.82330175
405,0.1,3,-57482.67387616,1363328.82330175
406,0.1,3,-46736.97455792,1363328.82330175
407,0.1,3,-35991.27523969,1363328.82330175
408,0.1,3,-3754.17728498,1363328.82330175
409,0.1,3,6991.52203326,1363328.82330175
410,0.1,3,17737.22135149,1363328.82330175
411,0.1,3,28482.92066973,1363328.82330175
412,0.1,3,39228.61998796,1363328.82330175
413,0.1,3,49974.3193062,1363328.82330175
414,0.1,3,60720.01862443,1363328.82330174
415,0.1,3,71465.71794267,1363328.82330175
416,0.1,0,82211.4172609,1363328.82330175
417,0.1,3,92957.11657914,1363328.82330175
418,0.1,0,103702.81589737,1363328.82330174
419,0.1,0,-73601.22285351,1372634.87189277
420,0.1,3,-62855.52353527,1372634.87189277
421,0.1,3,-52109.82421704,1372634.87189277
422,0.1,3,-41364.1248988,1372634.87189277
423,0.1,3,-30618.42558057,1372634.87189277
424,0.1,3,1618.67237414,1372634.87189277
425,0.1,3,12364.37169237,1372634.87189277
426,0.1,3,23110.07101061,1372634.87189277
427,0.1,3,33855.77032884,1372634.87189277
428,0.1,0,44601.46964708,1372634.87189277
429,0.1,3,55347.16896532,1372634.87189277
430,0.1,0,66092.86828355,1372634.87189277
431,0.1,0,76838.56760179,1372634.87189277
432,0.1,3,173549.86146591,1372634.87189277
433,0.1,0,-78974.07251263,1381940.92048379
434,0.1,3,-68228.37319439,1381940.92048379
435,0.1,3,-57482.67387616,1381940.92048379
436,0.1,3,-46736.97455792,1381940.92048379
437,0.1,3,-35991.27523969,1381940.92048379
438,0.1,3,6991.52203326,1381940.92048379
439,0.1,3,17737.22135149,1381940.92048379
440,0.1,3,28482.92066973,1381940.92048379
441,0.1,0,39228.61998796,1381940.92048379
442,0.1,0,49974.3193062,1381940.92048379
443,0.1,0,60720.01862443,1381940.92048379
444,0.1,0,-84346.92217174,1391246.96907481
445,0.1,3,-73601.22285351,1391246.96907481
446,0.1,3,-62855.52353527,1391246.96907481
447,0.1,3,-52109.82421704,1391246.96907481
448,0.1,3,-41364.1248988,1391246.96907481
449,0.1,3,-30618.42558057,1391246.96907481
450,0.1,3,12364.37169237,1391246.96907481
451,0.1,3,23110.07101061,1391246.96907481
452,0.1,0,33855.77032884,1391246.96907481
453,0.1,0,76838.56760179,1391246.96907481
454,0.1,0,-89719.77183086,1400553.01766583
455,0.1,3,-78974.07251263,1400553.01766583
456,0.1,3,-68228.37319439,1400553.01766583
457,0.1,3,-57482.67387616,1400553.01766583
458,0.1,3,-46736.97455792,1400553.01766583
459,0.1,3,-35991.27523969,1400553.01766583
460,0.1,3,-25245.57592145,1400553.01766583
461,0.1,3,6991.52203326,1400553.01766583
462,0.1,3,17737.22135149,1400553.01766583
463,0.1,0,28482.92066973,1400553.01766583
464,0.1,3,49974.3193062,1400553.01766583
465,0.1,3,-116584.02012645,1409859.06625686
466,0.1,0,-95092.62148998,1409859.06625686
467,0.1,0,-84346.92217174,1409859.06625686
468,0.1,0,-73601.22285351,1409859.06625686
469,0.1,0,-62855.52353527,1409859.06625686
470,0.1,3,-52109.82421704,1409859.06625685
471,0.1,3,-41364.1248988,1409859.06625686
472,0.1,3,-30618.42558057,1409859.06625686
473,0.1,3,-19872.72626233,1409859.06625686
474,0.1,3,-9127.0269441,1409859.06625686
475,0.1,3,12364.37169237,1409859.06625686
476,0.1,3,23110.07101061,1409859.06625686
477,0.1,0,33855.77032884,1409859.06625686
478,0.1,3,44601.46964708,1409859.06625686
479,0.1,3,98329.96623826,1409859.06625686
480,0.1,0,-100465.4711491,1419165.11484788
481,0.1,0,-89719.77183086,1419165.11484788
482,0.1,0,-78974.07251263,1419165.11484787
483,0.1,0,-68228.37319439,1419165.11484788
484,0.1,0,-57482.67387616,1419165.11484787
485,0.1,3,-46736.97455792,1419165.11484788
486,0.1,3,-35991.27523969,1419165.11484787
487,0.1,3,-25245.57592145,1419165.11484787
488,0.1,3,-14499.87660321,1419165.11484788
489,0.1,3,6991.52203326,1419165.11484788
490,0.1,3,17737.22135149,1419165.11484788
491,0.1,0,28482.92066973,1419165.11484787
492,0.1,0,39228.61998796,1419165.11484788
493,0.1,3,-105838.32080822,1428471.16343889
494,0.1,0,-95092.62148998,1428471.1634389
495,0.1,0,-84346.92217174,1428471.1634389
496,0.1,0,-73601.22285351,1428471.1634389
497,0.1,0,-62855.52353527,1428471.1634389
498,0.1,0,-52109.82421704,1428471.1634389
499,0.1,3,-41364.1248988,1428471.1634389
500,0.1,3,-30618.42558057,1428471.1634389
501,0.1,3,-19872.72626233,1428471.1634389
502,0.1,3,-9127.0269441,1428471.16343889
503,0.1,3,23110.07101061,1428471.16343889
504,0.1,0,33855.77032884,1428471.1634389
505,0.1,0,44601.46964708,1428471.1634389
506,0.1,0,-100465.4711491,1437777.21202991
507,0.1,0,-89719.77183086,1437777.21202991
508,0.1,0,-78974.07251263,1437777.21202991
509,0.1,0,-68228.37319439,1437777.21202991
510,0.1,0,-57482.67387616,1437777.21202992
511,0.1,0,-46736.97455792,1437777.21202991
512,0.1,3,-35991.27523969,1437777.21202992
513,0.1,3,-25245.57592145,1437777.21202992
514,0.1,3,-14499.87660321,1437777.21202991
515,0.1,3,-3754.17728498,1437777.21202991
516,0.1,3,6991.52203326,1437777.21202992
517,0.1,0,17737.22135149,1437777.21202992
518,0.1,0,39228.61998796,1437777.21202991
519,0.1,0,49974.3193062,1437777.21202991
520,0.1,3,-105838.32080822,1447083.26062093
521,0.1,0,-95092.62148998,1447083.26062094
522,0.1,0,-84346.92217174,1447083.26062094
523,0.1,0,-73601.22285351,1447083.26062094
524,0.1,0,-62855.52353527,1447083.26062093
525,0.1,0,-52109.82421704,1447083.26062093
526,0.1,3,-41364.1248988,1447083.26062094
527,0.1,3,-30618.42558057,1447083.26062094
528,0.1,3,-19872.72626233,1447083.26062093
529,0.1,0,-9127.0269441,1447083.26062094
530,0.1,0,1618.67237414,1447083.26062094
531,0.1,0,12364.37169237,1447083.26062094
532,0.1,3,33855.77032884,1447083.26062093
533,0.1,0,-175685.36637675,1456389.30921196
534,0.1,3,-100465.4711491,1456389.30921196
535,0.1,0,-89719.77183086,1456389.30921196
536,0.1,0,-78974.07251263,1456389.30921196
537,0.1,0,-68228.37319439,1456389.30921196
538,0.1,0,-57482.67387616,1456389.30921196
539,0.1,3,-46736.97455792,1456389.30921196
540,0.1,3,-35991.27523969,1456389.30921196
541,0.1,3,-25245.57592145,1456389.30921195
542,0.1,0,-14499.87660321,1456389.30921196
543,0.1,0,-3754.17728498,1456389.30921195
544,0.1,0,6991.52203326,1456389.30921196
545,0.1,0,-181058.21603586,1465695.35780298
546,0.1,3,-138075.41876292,1465695.35780298
547,0.1,3,-105838.32080822,1465695.35780298
548,0.1,0,-95092.62148998,1465695.35780298
549,0.1,0,-84346.92217174,1465695.35780298
550,0.1,0,-73601.22285351,1465695.35780298
551,0.1,3,-62855.52353527,1465695.35780298
552,0.1,3,-52109.82421704,1465695.35780298
553,0.1,3,-41364.1248988,1465695.35780298
554,0.1,0,-30618.42558057,1465695.35780298
555,0.1,0,-19872.72626233,1465695.35780298
556,0.1,0,-9127.0269441,1465695.35780298
557,0.1,0,23110.07101061,1465695.35780298
558,0.1,3,-121956.86978557,1475001.406394
559,0.1,3,-111211.17046733,1475001.406394
560,0.1,3,-100465.4711491,1475001.406394
561,0.1,0,-89719.77183086,1475001.406394
562,0.1,0,-78974.07251263,1475001.406394
563,0.1,0,-68228.37319439,1475001.406394
564,0.1,3,-57482.67387616,1475001.406394
565,0.1,3,-46736.97455792,1475001.406394
566,0.1,0,-35991.27523969,1475001.406394
567,0.1,0,-25245.57592145,1475001.406394
568,0.1,0,-14499.87660321,1475001.406394
569,0.1,0,17737.22135149,1475001.406394
570,0.1,0,39228.61998796,1475001.406394
571,0.1,3,-202549.61467233,1484307.45498502
572,0.1,3,-116584.02012645,1484307.45498502
573,0.1,3,-105838.32080822,1484307.45498502
574,0.1,0,-95092.62148998,1484307.45498502
575,0.1,0,-84346.92217174,1484307.45498502
576,0.1,0,-73601.22285351,1484307.45498502
577,0.1,3,-62855.52353527,1484307.45498502
578,0.1,3,-52109.82421704,1484307.45498502
579,0.1,0,-41364.1248988,1484307.45498502
580,0.1,0,-30618.42558057,1484307.45498502
581,0.1,3,55347.16896532,1484307.45498502
582,0.1,3,-207922.46433145,1493613.50357604
583,0.1,0,-186431.06569498,1493613.50357604
584,0.1,3,-121956.86978557,1493613.50357604
585,0.1,3,-111211.17046733,1493613.50357604
586,0.1,3,-100465.4711491,1493613.50357604
587,0.1,0,-89719.77183086,1493613.50357604
588,0.1,0,-78974.07251263,1493613.50357604
589,0.1,0,-68228.37319439,1493613.50357604
590,0.1,3,-57482.67387616,1493613.50357604
591,0.1,0,-46736.97455792,1493613.50357604
592,0.1,0,-35991.27523969,1493613.50357604
593,0.1,3,60720.01862443,1493613.50357604
594,0.1,3,-116584.02012645,1502919.55216707
595,0.1,3,-105838.32080822,1502919.55216707
596,0.1,0,-95092.62148998,1502919.55216706
597,0.1,0,-84346.92217174,1502919.55216706
598,0.1,0,-73601.22285351,1502919.55216707
599,0.1,0,-62855.52353527,1502919.55216706
600,0.1,3,-52109.82421704,1502919.55216707
601,0.1,0,-41364.1248988,1502919.55216707
602,0.1,3,-121956.86978557,1512225.60075809
603,0.1,3,-111211.17046733,1512225.60075809
604,0.1,3,-100465.4711491,1512225.60075808
605,0.1,0,-89719.77183086,1512225.60075808
606,0.1,0,-78974.07251263,1512225.60075809
607,0.1,0,-68228.37319439,1512225.60075808
608,0.1,0,-57482.67387616,1512225.60075809
609,0.1,0,-46736.97455792,1512225.60075808
610,0.1,0,-202549.61467233,1521531.64934911
611,0.1,3,-148821.11808116,1521531.64934911
612,0.1,3,-116584.02012645,1521531.64934911
613,0.1,3,-105838.32080822,1521531.64934911
614,0.1,3,-95092.62148998,1521531.64934911
615,0.1,0,-84346.92217174,1521531.64934911
616,0.1,0,-73601.22285351,1521531.64934911
617,0.1,0,-62855.52353527,1521531.64934911
618,0.1,0,-52109.82421704,1521531.64934911
619,0.1,0,-41364.1248988,1521531.64934911
620,0.1,3,-30618.42558057,1521531.64934911
621,0.1,0,-207922.46433145,1530837.69794013
622,0.1,3,-111211.17046733,1530837.69794013
623,0.1,3,-100465.4711491,1530837.69794013
624,0.1,0,-89719.77183086,1530837.69794013
625,0.1,0,-78974.07251263,1530837.69794013
626,0.1,0,-68228.37319439,1530837.69794013
627,0.1,0,-57482.67387616,1530837.69794013
628,0.1,0,-46736.97455792,1530837.69794013
629,0.1,0,-213295.31399057,1540143.74653115
630,0.1,3,-116584.02012645,1540143.74653115
631,0.1,3,-105838.32080822,1540143.74653114
632,0.1,0,-95092.62148998,1540143.74653115
633,0.1,0,-84346.92217174,1540143.74653114
634,0.1,0,-73601.22285351,1540143.74653115
635,0.1,0,-62855.52353527,1540143.74653114
636,0.1,0,-52109.82421704,1540143.74653115
637,0.1,0,-218668.16364969,1549449.79512217
638,0.1,3,-111211.17046733,1549449.79512217
639,0.1,3,-100465.4711491,1549449.79512217
640,0.1,0,-89719.77183086,1549449.79512217
641,0.1,0,-78974.07251263,1549449.79512216
642,0.1,0,-68228.37319439,1549449.79512217
643,0.1,0,-57482.67387616,1549449.79512217
644,0.1,0,-224041.01330881,1558755.84371319
645,0.1,0,-213295.31399057,1558755.84371319
646,0.1,3,-105838.32080822,1558755.84371319
647,0.1,0,-95092.62148998,1558755.84371319
648,0.1,0,-84346.92217174,1558755.84371319
649,0.1,0,-73601.22285351,1558755.84371319
650,0.1,0,-62855.52353527,1558755.84371319
651,0.1,0,-52109.82421704,1558755.84371319
652,0.1,3,-218668.16364969,1568061.89230421
653,0.1,0,-207922.46433145,1568061.89230421
654,0.1,0,-164939.66705851,1568061.89230421
655,0.1,0,-143448.26842204,1568061.89230421
656,0.1,0,-132702.5691038,1568061.89230421
657,0.1,0,-121956.86978557,1568061.89230421
658,0.1,0,-100465.4711491,1568061.89230421
659,0.1,0,-89719.77183086,1568061.89230421
660,0.1,0,-78974.07251263,1568061.89230421
661,0.1,0,-68228.37319439,1568061.89230421
662,0.1,0,-57482.67387616,1568061.89230421
663,0.1,3,-35991.27523969,1568061.89230421
664,0.1,3,-25245.57592145,1568061.89230421
665,0.1,3,-213295.31399057,1577367.94089523
666,0.1,0,-202549.61467233,1577367.94089523
667,0.1,0,-191803.9153541,1577367.94089523
668,0.1,0,-181058.21603586,1577367.94089523
669,0.1,0,-170312.51671763,1577367.94089523
670,0.1,0,-159566.81739939,1577367.94089523
671,0.1,0,-148821.11808116,1577367.94089523
672,0.1,0,-138075.41876292,1577367.94089523
673,0.1,0,-127329.71944469,1577367.94089523
674,0.1,0,-116584.02012645,1577367.94089523
675,0.1,0,-105838.32080822,1577367.94089523
676,0.1,0,-95092.62148998,1577367.94089523
677,0.1,0,-84346.92217174,1577367.94089523
678,0.1,0,-73601.22285351,1577367.94089523
679,0.1,0,-62855.52353527,1577367.94089523
680,0.1,0,-41364.1248988,1577367.94089523
681,0.1,3,-30618.42558057,1577367.94089523
682,0.1,0,-207922.46433145,1586673.98948625
683,0.1,3,-175685.36637675,1586673.98948625
684,0.1,3,-164939.66705851,1586673.98948625
685,0.1,3,-154193.96774028,1586673.98948625
686,0.1,3,-143448.26842204,1586673.98948625
687,0.1,3,-132702.5691038,1586673.98948625
688,0.1,3,-121956.86978557,1586673.98948625
689,0.1,0,-111211.17046733,1586673.98948625
690,0.1,0,-100465.4711491,1586673.98948625
691,0.1,0,-89719.77183086,1586673.98948625
692,0.1,0,-78974.07251263,1586673.98948625
693,0.1,0,-68228.37319439,1586673.98948625
694,0.1,0,-57482.67387616,1586673.98948625
695,0.1,0,-46736.97455792,1586673.98948625
696,0.1,3,-35991.27523969,1586673.98948625
697,0.1,3,-245532.41194528,1595980.03807728
698,0.1,3,-159566.81739939,1595980.03807728
699,0.1,3,-148821.11808116,1595980.03807728
700,0.1,3,-127329.71944469,1595980.03807728
701,0.1,3,-116584.02012645,1595980.03807728
702,0.1,3,-105838.32080822,1595980.03807728
703,0.1,3,-95092.62148998,1595980.03807727
704,0.1,3,-84346.92217174,1595980.03807728
705,0.1,3,-73601.22285351,1595980.03807728
706,0.1,0,-62855.52353527,1595980.03807727
707,0.1,0,-41364.1248988,1595980.03807727
708,0.1,3,-229413.86296792,1605286.0866683
709,0.1,3,-197176.76501322,1605286.0866683
710,0.1,3,-121956.86978557,1605286.0866683
711,0.1,3,-100465.4711491,1605286.0866683
712,0.1,3,-78974.07251263,1605286.0866683
713,0.1,0,-68228.37319439,1605286.0866683
714,0.1,0,-46736.97455792,1605286.0866683
715,0.1,0,-35991.27523969,1605286.0866683
716,0.1,3,-202549.61467233,1614592.13525932
717,0.1,0,-95092.62148998,1614592.13525932
718,0.1,3,-84346.92217174,1614592.13525932
719,0.1,0,-73601.22285351,1614592.13525932
720,0.1,0,-41364.1248988,1614592.13525932
721,0.1,0,-175685.36637675,1623898.18385034
722,0.1,3,-164939.66705851,1623898.18385034
723,0.1,3,-154193.96774028,1623898.18385034
724,0.1,3,-143448.26842204,1623898.18385033
725,0.1,3,-132702.5691038,1623898.18385034
726,0.1,3,-100465.4711491,1623898.18385033
727,0.1,3,-89719.77183086,1623898.18385034
728,0.1,0,-78974.07251263,1623898.18385034
729,0.1,0,-46736.97455792,1623898.18385033
730,0.1,0,-35991.27523969,1623898.18385034
731,0.1,0,-3754.17728498,1661122.37821442
