species,pu,amount
1,1,0
2,1,0
1,2,0
2,2,0
1,3,0
2,3,0
1,4,0
2,4,0
1,5,0
2,5,0
1,6,0
2,6,0
1,7,0
2,7,0
1,8,0
2,8,0
1,9,0
2,9,0
1,10,0
2,10,0
1,11,0
2,11,0
1,12,0
2,12,0
1,13,0
2,13,0
1,14,0
2,14,0
1,15,0
2,15,0
1,16,0
2,16,0
1,17,0
2,17,0
1,18,0
2,18,0
1,19,0
2,19,0
1,20,0
2,20,0
1,21,1
2,21,9.61899366230502e-18
1,22,0
2,22,0
1,23,0
2,23,0
1,24,0
2,24,0
1,25,0
2,25,0
1,26,0
2,26,0
1,27,0
2,27,0
1,28,0
2,28,0
1,29,0
2,29,0
1,30,0
2,30,0
1,31,0
2,31,0
1,32,0
2,32,0
1,33,0
2,33,0
1,34,1
2,34,9.16364753609892e-18
1,35,0
2,35,0
1,36,0
2,36,0
1,37,0
2,37,0
1,38,0
2,38,0
1,39,0
2,39,0
1,40,0
2,40,0
1,41,0
2,41,0
1,42,0
2,42,0
1,43,0
2,43,0
1,44,0
2,44,0
1,45,1
2,45,4.21817126035746e-17
1,46,0
2,46,0
1,47,0
2,47,0
1,48,0
2,48,0
1,49,0
2,49,0
1,50,0
2,50,0
1,51,0
2,51,0
1,52,0
2,52,0
1,53,0
2,53,0
1,54,0
2,54,0
1,55,0
2,55,0
1,56,0
2,56,0
1,57,0
2,57,0
1,58,0
2,58,0
1,59,0
2,59,0
1,60,0
2,60,0
1,61,0
2,61,0
1,62,0
2,62,0
1,63,1
2,63,1.46279045078192e-17
1,64,0
2,64,0
1,65,0
2,65,0
1,66,0
2,66,0
1,67,0
2,67,0
1,68,0
2,68,0
1,69,0
2,69,0
1,70,0
2,70,0
1,71,0
2,71,0
1,72,1
2,72,0.0182687983396571
1,73,0
2,73,0
1,74,0
2,74,0
1,75,0
2,75,0
1,76,0
2,76,0
1,77,0
2,77,0
1,78,3.25
2,78,0.000360906749558699
1,79,0
2,79,0
1,80,0
2,80,0
1,81,0
2,81,0
1,82,0
2,82,0
1,83,0
2,83,0
1,84,0
2,84,0
1,85,0
2,85,0
1,86,1.33333333333333
2,86,4.7576135478391e-07
1,87,0
2,87,0
1,88,0
2,88,0
1,89,0
2,89,0
1,90,0
2,90,0
1,91,0
2,91,0
1,92,0
2,92,0
1,93,1
2,93,0
1,94,1.5
2,94,2.98125363479111e-18
1,95,3.5
2,95,0.0314204818515579
1,96,1.28571428571429
2,96,0.00834598411887585
1,97,0
2,97,0
1,98,0
2,98,0
1,99,0
2,99,0
1,100,0
2,100,0
1,101,0
2,101,0
1,102,0
2,102,0
1,103,0
2,103,0
1,104,1
2,104,3.56745568145537e-18
1,105,1
2,105,0
1,106,0
2,106,0
1,107,0
2,107,0
1,108,0
2,108,0
1,109,0
2,109,0
1,110,0
2,110,0
1,111,1
2,111,4.82127496022318e-17
1,112,0
2,112,0
1,113,3.71428571428571
2,113,3.63821357756659e-05
1,114,0
2,114,0
1,115,0
2,115,0
1,116,0
2,116,0
1,117,0
2,117,0
1,118,4.42857142857143
2,118,0.0647823855518934
1,119,0
2,119,0
1,120,0
2,120,0
1,121,0
2,121,0
1,122,0
2,122,0
1,123,0
2,123,0
1,124,9.22222222222222
2,124,0.111111111111112
1,125,2.14285714285714
2,125,0.0544057456155413
1,126,0
2,126,0
1,127,0
2,127,0
1,128,2.4
2,128,3.85691256243004e-18
1,129,0
2,129,0
1,130,0
2,130,0
1,131,0
2,131,0
1,132,0
2,132,0
1,133,3.71428571428571
2,133,0.0523250360238611
1,134,0
2,134,0
1,135,0
2,135,0
1,136,0
2,136,0
1,137,0
2,137,0
1,138,6.88888888888889
2,138,0.000170358884694062
1,139,1.5
2,139,7.01194924809545e-17
1,140,0
2,140,0
1,141,6.2
2,141,0.00627743489685074
1,142,11
2,142,2.0561135505434e-17
1,143,0
2,143,0
1,144,0
2,144,0
1,145,0
2,145,0
1,146,3.5
2,146,6.79962420917922e-05
1,147,0
2,147,0
1,148,0
2,148,0
1,149,12.2
2,149,0.00132922316434003
1,150,0
2,150,0
1,151,0
2,151,0
1,152,0
2,152,0
1,153,0
2,153,0
1,154,1.33333333333333
2,154,0.000824976795920772
1,155,0
2,155,0
1,156,0
2,156,0
1,157,1
2,157,0
1,158,0
2,158,0
1,159,0
2,159,0
1,160,10.4
2,160,0.000573324472580923
1,161,0
2,161,0
1,162,0
2,162,0
1,163,1.6
2,163,0.000152152748147359
1,164,3.2
2,164,5.9725814480874e-05
1,165,2.77777777777778
2,165,0.000324439695235808
1,166,1.5
2,166,4.2454512610252e-17
1,167,1
2,167,0.000496902167796582
1,168,0
2,168,0
1,169,0
2,169,0
1,170,2
2,170,2.71112584390658e-17
1,171,7.1
2,171,0.000187841175197349
1,172,0
2,172,0
1,173,1.5
2,173,7.88669458274795e-18
1,174,0
2,174,0
1,175,1
2,175,0
1,176,0
2,176,0
1,177,0
2,177,0
1,178,0
2,178,0
1,179,0
2,179,0
1,180,1.33333333333333
2,180,1.28992710468944e-18
1,181,0
2,181,0
1,182,0
2,182,0
1,183,0
2,183,0
1,184,0
2,184,0
1,185,1
2,185,0
1,186,1.2
2,186,6.08057553706842e-18
1,187,1
2,187,1.05836939579372e-18
1,188,0
2,188,0
1,189,0
2,189,0
1,190,0
2,190,0
1,191,1
2,191,3.32876826303184e-18
1,192,0
2,192,0
1,193,0
2,193,0
1,194,0
2,194,0
1,195,0
2,195,0
1,196,0
2,196,0
1,197,0
2,197,0
1,198,0
2,198,0
1,199,1
2,199,2.53884633227376e-17
1,200,1
2,200,6.72103092165886e-18
1,201,1
2,201,7.44758305283106e-18
1,202,1.4
2,202,1.13976283654123e-16
1,203,1.4
2,203,3.6538381430792e-18
1,204,1.33333333333333
2,204,2.96076691514364e-18
1,205,1.83333333333333
2,205,8.98113999247968e-18
1,206,0
2,206,0
1,207,0
2,207,0
1,208,0
2,208,0
1,209,0
2,209,0
1,210,1
2,210,2.22688481732556e-18
1,211,1
2,211,0
1,212,0
2,212,0
1,213,1
2,213,2.6969732072029e-18
1,214,0
2,214,0
1,215,0
2,215,0
1,216,0
2,216,0
1,217,1.5
2,217,4.81612012414508e-18
1,218,1
2,218,2.86647603205219e-17
1,219,1
2,219,5.12039265067586e-17
1,220,1.33333333333333
2,220,1.88307693900742e-05
1,221,0
2,221,0
1,222,0
2,222,0
1,223,0
2,223,0
1,224,0
2,224,0
1,225,0
2,225,0
1,226,0
2,226,0
1,227,0
2,227,0
1,228,0
2,228,0
1,229,0
2,229,0
1,230,0
2,230,0
1,231,0
2,231,0
1,232,1
2,232,0
1,233,1.8
2,233,9.45622152646941e-06
1,234,0
2,234,0
1,235,0
2,235,0
1,236,0
2,236,0
1,237,0
2,237,0
1,238,0
2,238,0
1,239,0
2,239,0
1,240,0
2,240,0
1,241,0
2,241,0
1,242,0
2,242,0
1,243,0
2,243,0
1,244,1.83333333333333
2,244,1.66053622298829e-05
1,245,0
2,245,0
1,246,0
2,246,0
1,247,0
2,247,0
1,248,0
2,248,0
1,249,0
2,249,0
1,250,0
2,250,0
1,251,0
2,251,0
1,252,0
2,252,0
1,253,0
2,253,0
1,254,1
2,254,4.36553619988983e-17
1,255,0
2,255,0
1,256,0
2,256,0
1,257,0
2,257,0
1,258,0
2,258,0
1,259,0
2,259,0
1,260,0
2,260,0
1,261,0
2,261,0
1,262,0
2,262,0
1,263,1
2,263,1.50172932330407e-17
1,264,0
2,264,0
1,265,0
2,265,0
1,266,0
2,266,0
1,267,0
2,267,0
1,268,0
2,268,0
1,269,0
2,269,0
1,270,0
2,270,0
1,271,0
2,271,0
1,272,0
2,272,0
1,273,0
2,273,0
1,274,0
2,274,0
1,275,0
2,275,0
1,276,0
2,276,0
1,277,1
2,277,2.95976257241177e-17
1,278,0
2,278,0
1,279,0
2,279,0
1,280,0
2,280,0
1,281,0
2,281,0
1,282,0
2,282,0
1,283,0
2,283,0
1,284,0
2,284,0
1,285,0
2,285,0
1,286,0
2,286,0
1,287,0
2,287,0
1,288,0
2,288,0
1,289,0
2,289,0
1,290,0
2,290,0
1,291,0
2,291,0
1,292,0
2,292,0
1,293,0
2,293,0
1,294,0
2,294,0
1,295,0
2,295,0
1,296,0
2,296,0
1,297,0
2,297,0
1,298,0
2,298,0
1,299,0
2,299,0
1,300,0
2,300,0
1,301,1.4
2,301,1.08023086333947e-08
1,302,0
2,302,0
1,303,0
2,303,0
1,304,0
2,304,0
1,305,0
2,305,0
1,306,0
2,306,0
1,307,0
2,307,0
1,308,0
2,308,0
1,309,0
2,309,0
1,310,0
2,310,0
1,311,0
2,311,0
1,312,0
2,312,0
1,313,1
2,313,1.6116812220692e-05
1,314,2.14285714285714
2,314,2.2495029032031e-07
1,315,0
2,315,0
1,316,0
2,316,0
1,317,0
2,317,0
1,318,0
2,318,0
1,319,0
2,319,0
1,320,0
2,320,0
1,321,0
2,321,0
1,322,0
2,322,0
1,323,0
2,323,0
1,324,1.83333333333333
2,324,1.16370182262043e-16
1,325,0
2,325,0
1,326,0
2,326,0
1,327,0
2,327,0
1,328,0
2,328,0
1,329,0
2,329,0
1,330,0
2,330,0
1,331,0
2,331,0
1,332,0
2,332,0
1,333,0
2,333,0
1,334,0
2,334,0
1,335,0
2,335,0
1,336,1.25
2,336,9.00755965388624e-18
1,337,0
2,337,0
1,338,0
2,338,0
1,339,0
2,339,0
1,340,0
2,340,0
1,341,0
2,341,0
1,342,0
2,342,0
1,343,0
2,343,0
1,344,0
2,344,0
1,345,0
2,345,0
1,346,0
2,346,0
1,347,0
2,347,0
1,348,0
2,348,0
1,349,1
2,349,4.32639452111609e-17
1,350,0
2,350,0
1,351,0
2,351,0
1,352,0
2,352,0
1,353,0
2,353,0
1,354,0
2,354,0
1,355,0
2,355,0
1,356,0
2,356,0
1,357,0
2,357,0
1,358,0
2,358,0
1,359,0
2,359,0
1,360,0
2,360,0
1,361,0
2,361,0
1,362,0
2,362,0
1,363,0
2,363,0
1,364,0
2,364,0
1,365,0
2,365,0
1,366,0
2,366,0
1,367,0
2,367,0
1,368,0
2,368,0
1,369,0
2,369,0
1,370,0
2,370,0
1,371,0
2,371,0
1,372,0
2,372,0
1,373,0
2,373,0
1,374,0
2,374,0
1,375,1
2,375,3.84146794696497e-18
1,376,2
2,376,0
1,377,1
2,377,0.0374217344507124
1,378,0
2,378,0
1,379,0
2,379,0
1,380,0
2,380,0
1,381,0
2,381,0
1,382,0
2,382,0
1,383,0
2,383,0
1,384,0
2,384,0
1,385,0
2,385,0
1,386,0
2,386,0
1,387,0
2,387,0
1,388,0
2,388,0
1,389,0
2,389,0
1,390,1.2
2,390,3.33732267594223e-09
1,391,0
2,391,0
1,392,0
2,392,0
1,393,0
2,393,0
1,394,0
2,394,0
1,395,0
2,395,0
1,396,0
2,396,0
1,397,0
2,397,0
1,398,0
2,398,0
1,399,0
2,399,0
1,400,0
2,400,0
1,401,0
2,401,0
1,402,0
2,402,0
1,403,1.66666666666667
2,403,7.14574773218092e-12
1,404,0
2,404,0
1,405,0
2,405,0
1,406,0
2,406,0
1,407,0
2,407,0
1,408,0
2,408,0
1,409,0
2,409,0
1,410,0
2,410,0
1,411,0
2,411,0
1,412,0
2,412,0
1,413,0
2,413,0
1,414,0
2,414,0
1,415,0
2,415,0
1,416,1.5
2,416,8.34752306213791e-08
1,417,1
2,417,5.98026560906832e-18
1,418,1.6
2,418,4.79975233084443e-08
1,419,0
2,419,0
1,420,0
2,420,0
1,421,0
2,421,0
1,422,0
2,422,0
1,423,0
2,423,0
1,424,0
2,424,0
1,425,0
2,425,0
1,426,0
2,426,0
1,427,0
2,427,0
1,428,0
2,428,0
1,429,0
2,429,0
1,430,0
2,430,0
1,431,0
2,431,0
1,432,3
2,432,2.08304502666616e-18
1,433,1
2,433,2.17643948774785e-14
1,434,0
2,434,0
1,435,0
2,435,0
1,436,0
2,436,0
1,437,0
2,437,0
1,438,0
2,438,0
1,439,0
2,439,0
1,440,0
2,440,0
1,441,2
2,441,5.90143814500539e-17
1,442,0
2,442,0
1,443,1.57142857142857
2,443,3.51112472818744e-08
1,444,0
2,444,0
1,445,0
2,445,0
1,446,0
2,446,0
1,447,0
2,447,0
1,448,0
2,448,0
1,449,0
2,449,0
1,450,0
2,450,0
1,451,0
2,451,0
1,452,2
2,452,4.07647352786274e-08
1,453,5.11111111111111
2,453,2.05998229777969e-07
1,454,2.33333333333333
2,454,0.0733342059278082
1,455,0
2,455,0
1,456,0
2,456,0
1,457,0
2,457,0
1,458,0
2,458,0
1,459,0
2,459,0
1,460,0
2,460,0
1,461,0
2,461,0
1,462,0
2,462,0
1,463,2
2,463,6.70742949662879e-09
1,464,2
2,464,5.03150131276708e-07
1,465,1.6
2,465,0.0137565968157664
1,466,2
2,466,3.64465187216937e-14
1,467,0
2,467,0
1,468,0
2,468,0
1,469,0
2,469,0
1,470,0
2,470,0
1,471,0
2,471,0
1,472,0
2,472,0
1,473,0
2,473,0
1,474,0
2,474,0
1,475,0
2,475,0
1,476,0
2,476,0
1,477,1
2,477,5.36838839581367e-17
1,478,2.14285714285714
2,478,8.42461466477784e-07
1,479,6.2
2,479,7.15111612072998e-18
1,480,1.75
2,480,0.0324740479270451
1,481,0
2,481,0
1,482,0
2,482,0
1,483,0
2,483,0
1,484,0
2,484,0
1,485,0
2,485,0
1,486,0
2,486,0
1,487,0
2,487,0
1,488,0
2,488,0
1,489,0
2,489,0
1,490,0
2,490,0
1,491,0
2,491,0
1,492,0
2,492,0
1,493,1.25
2,493,0.184358467695865
1,494,1
2,494,0.0862921725435975
1,495,0
2,495,0
1,496,0
2,496,0
1,497,0
2,497,0
1,498,0
2,498,0
1,499,0
2,499,0
1,500,0
2,500,0
1,501,0
2,501,0
1,502,0
2,502,0
1,503,0
2,503,0
1,504,0
2,504,0
1,505,2
2,505,1.66198474190439e-17
1,506,1.25
2,506,0.0260854987199569
1,507,1
2,507,0.0262869048059447
1,508,0
2,508,0
1,509,0
2,509,0
1,510,0
2,510,0
1,511,0
2,511,0
1,512,0
2,512,0
1,513,0
2,513,0
1,514,0
2,514,0
1,515,0
2,515,0
1,516,0
2,516,0
1,517,1
2,517,1.74903278107278e-05
1,518,3.25
2,518,5.79726490611744e-06
1,519,0
2,519,0
1,520,1.25
2,520,0.0127013476878392
1,521,1
2,521,0.0199673710371565
1,522,0
2,522,0
1,523,0
2,523,0
1,524,0
2,524,0
1,525,0
2,525,0
1,526,0
2,526,0
1,527,0
2,527,0
1,528,0
2,528,0
1,529,0
2,529,0
1,530,0
2,530,0
1,531,1
2,531,4.00015911764885e-05
1,532,1.33333333333333
2,532,3.13272390140363e-07
1,533,0
2,533,0
1,534,1
2,534,0.0426406660342519
1,535,1.33333333333333
2,535,0.0271756819221069
1,536,0
2,536,0
1,537,0
2,537,0
1,538,0
2,538,0
1,539,0
2,539,0
1,540,0
2,540,0
1,541,0
2,541,0
1,542,0
2,542,0
1,543,2
2,543,4.95730478984207e-05
1,544,1
2,544,3.59651700126038e-05
1,545,1.66666666666667
2,545,1.19689482015257e-05
1,546,26.6
2,546,0.582032459357377
1,547,1.66666666666667
2,547,0.193090027799528
1,548,1.25
2,548,0.100040245361413
1,549,0
2,549,0
1,550,0
2,550,0
1,551,0
2,551,0
1,552,0
2,552,0
1,553,0
2,553,0
1,554,0
2,554,0
1,555,1.5
2,555,0.000670316509871314
1,556,1
2,556,1.56945526763511e-05
1,557,1.5
2,557,1.1997651640953e-06
1,558,3.1
2,558,0.214882768556449
1,559,2.33333333333333
2,559,0.190113450933246
1,560,1.66666666666667
2,560,0.148995224947632
1,561,1
2,561,0.0561391697352932
1,562,0
2,562,0
1,563,0
2,563,0
1,564,0
2,564,0
1,565,0
2,565,0
1,566,0
2,566,0
1,567,1.6
2,567,0.000632444369872198
1,568,1.25
2,568,0.000126906508399514
1,569,5
2,569,2.11279258296286e-06
1,570,9.6
2,570,1.62329020989691e-08
1,571,0
2,571,0
1,572,2
2,572,0.149690152832125
1,573,2.25
2,573,0.0277382134941874
1,574,1.25
2,574,0.0205321996217285
1,575,0
2,575,0
1,576,0
2,576,0
1,577,0
2,577,0
1,578,0
2,578,0
1,579,0
2,579,0
1,580,2.33333333333333
2,580,0.000249463809697562
1,581,1
2,581,0
1,582,0
2,582,0
1,583,2
2,583,5.51984932795175e-06
1,584,4.66666666666667
2,584,0.285872571820866
1,585,1.5
2,585,0.0609926750473636
1,586,2
2,586,0.124112327630579
1,587,2.33333333333333
2,587,0.0823063921666046
1,588,0
2,588,0
1,589,0
2,589,0
1,590,0
2,590,0
1,591,1
2,591,0.000703534305879979
1,592,1
2,592,0.000191131580185379
1,593,2.77777777777778
2,593,4.54763474864174e-18
1,594,2.33333333333333
2,594,0.228155344574508
1,595,1.375
2,595,0.145721034058399
1,596,2.71428571428571
2,596,0.104379833398905
1,597,0
2,597,0
1,598,0
2,598,0
1,599,0
2,599,0
1,600,0
2,600,0
1,601,1
2,601,0.000943087186422097
1,602,12.2
2,602,0.683429310752715
1,603,3
2,603,0.140618756443756
1,604,3.5
2,604,0.297068584298265
1,605,3.875
2,605,0.114897750485878
1,606,0
2,606,0
1,607,0
2,607,0
1,608,0
2,608,0
1,609,0
2,609,0
1,610,1
2,610,2.1337277747721e-18
1,611,15.7
2,611,0.1
1,612,6.33333333333333
2,612,0.432150312565842
1,613,2.42857142857143
2,613,0.212259220427005
1,614,1.875
2,614,0.178898918350418
1,615,2.625
2,615,0.157282286734689
1,616,0
2,616,0
1,617,0
2,617,0
1,618,0
2,618,0
1,619,1
2,619,0.0063282020541106
1,620,2
2,620,0.000353235011503201
1,621,1
2,621,1.16367935104744e-05
1,622,3.5
2,622,0.355664551290691
1,623,2
2,623,0.248873924684328
1,624,1.5
2,624,0.160285912969794
1,625,0
2,625,0
1,626,0
2,626,0
1,627,0
2,627,0
1,628,1
2,628,0.0146728747029212
1,629,2
2,629,1.56065819599503e-05
1,630,6.7
2,630,0.430182573961305
1,631,1.66666666666667
2,631,0.313881381995641
1,632,1.42857142857143
2,632,0.204025782847513
1,633,0
2,633,0
1,634,0
2,634,0
1,635,0
2,635,0
1,636,1
2,636,0.0186698443424204
1,637,1
2,637,2.16003040627294e-18
1,638,5.3
2,638,0.273188344925661
1,639,2.16666666666667
2,639,0.410464771488847
1,640,2.4
2,640,0.181768649861173
1,641,0
2,641,0
1,642,0
2,642,0
1,643,0
2,643,0
1,644,0
2,644,0
1,645,1
2,645,7.8179497322256e-18
1,646,1.66666666666667
2,646,0.263909646362824
1,647,1.66666666666667
2,647,0.228868679933481
1,648,0
2,648,0
1,649,0
2,649,0
1,650,0
2,650,0
1,651,0
2,651,0
1,652,0
2,652,0
1,653,0
2,653,0
1,654,1.33333333333333
2,654,0.0141049546892344
1,655,1.5
2,655,0.00962985962541279
1,656,1.5
2,656,0.00794771704901403
1,657,2
2,657,0.055625508682584
1,658,1.33333333333333
2,658,0.115087405464147
1,659,0
2,659,0
1,660,0
2,660,0
1,661,0
2,661,0
1,662,2
2,662,0.0747173922747257
1,663,0
2,663,0
1,664,0
2,664,0
1,665,0
2,665,0
1,666,1
2,666,9.5582435635317e-06
1,667,1
2,667,0.00088848640651408
1,668,1.5
2,668,0.0287947400929436
1,669,0
2,669,0
1,670,0
2,670,0
1,671,0
2,671,0
1,672,0
2,672,0
1,673,0
2,673,0
1,674,0
2,674,0
1,675,1
2,675,0.0640571246592875
1,676,1
2,676,0.0609053902632981
1,677,0
2,677,0
1,678,0
2,678,0
1,679,0
2,679,0
1,680,1
2,680,0.00616833633093579
1,681,0
2,681,0
1,682,0
2,682,0
1,683,0
2,683,0
1,684,0
2,684,0
1,685,0
2,685,0
1,686,0
2,686,0
1,687,0
2,687,0
1,688,0
2,688,0
1,689,0
2,689,0
1,690,1
2,690,0.0448803961225924
1,691,0
2,691,0
1,692,0
2,692,0
1,693,0
2,693,0
1,694,1
2,694,0.00753667216478711
1,695,1.5
2,695,0.00842048824171234
1,696,1.4
2,696,0.00462058345699076
1,697,0
2,697,0
1,698,0
2,698,0
1,699,0
2,699,0
1,700,0
2,700,0
1,701,0
2,701,0
1,702,0
2,702,0
1,703,0
2,703,0
1,704,0
2,704,0
1,705,0
2,705,0
1,706,0
2,706,0
1,707,1.28571428571429
2,707,0.00610345479076589
1,708,0
2,708,0
1,709,0
2,709,0
1,710,0
2,710,0
1,711,0
2,711,0
1,712,0
2,712,0
1,713,0
2,713,0
1,714,2.625
2,714,0.00888286535314773
1,715,2.125
2,715,0.0038444927439725
1,716,0
2,716,0
1,717,0
2,717,0
1,718,0
2,718,0
1,719,1
2,719,0.00427652080901565
1,720,0
2,720,0
1,721,0
2,721,0
1,722,0
2,722,0
1,723,0
2,723,0
1,724,0
2,724,0
1,725,0
2,725,0
1,726,0
2,726,0
1,727,0
2,727,0
1,728,0
2,728,0
1,729,0
2,729,0
1,730,0
2,730,0
1,731,4.5
2,731,7.24683939403978e-05
