species,pu,amount
1,1,0
2,1,0
1,2,1
2,2,3.38630644211569e-08
1,3,1
2,3,0
1,4,1
2,4,0
1,5,2
2,5,6.60604568260068e-08
1,6,1
2,6,1.18784814246436e-07
1,7,0
2,7,0
1,8,0
2,8,0
1,9,0
2,9,0
1,10,0
2,10,0
1,11,1
2,11,2.24519391350466e-18
1,12,0
2,12,0
1,13,1
2,13,3.23622041621077e-08
1,14,1
2,14,7.95941036928501e-08
1,15,1
2,15,2.26787866510084e-07
1,16,3
2,16,5.09268358926063e-08
1,17,0
2,17,0
1,18,0
2,18,0
1,19,0
2,19,0
1,20,0
2,20,0
1,21,0
2,21,0
1,22,0
2,22,0
1,23,2
2,23,3.02021215180498e-07
1,24,0
2,24,0
1,25,0
2,25,0
1,26,1
2,26,8.09185310490336e-18
1,27,1
2,27,1.22189935115101e-18
1,28,1
2,28,1.52069775911882e-07
1,29,1
2,29,3.23231139537107e-18
1,30,3
2,30,3.69370301933261e-07
1,31,0
2,31,0
1,32,0
2,32,0
1,33,0
2,33,0
1,34,0
2,34,0
1,35,0
2,35,0
1,36,1
2,36,2.01210947502354e-06
1,37,1
2,37,6.19440214873533e-18
1,38,0
2,38,0
1,39,2
2,39,1.4895294898828e-07
1,40,1
2,40,4.49945223580445e-08
1,41,0
2,41,0
1,42,1
2,42,6.04157244137082e-18
1,43,0
2,43,0
1,44,0
2,44,0
1,45,0
2,45,0
1,46,2
2,46,2.95218802150594e-06
1,47,0
2,47,0
1,48,0
2,48,0
1,49,0
2,49,0
1,50,0
2,50,0
1,51,0
2,51,0
1,52,0
2,52,0
1,53,0
2,53,0
1,54,0
2,54,0
1,55,0
2,55,0
1,56,0
2,56,0
1,57,1
2,57,1.78549221725978e-07
1,58,0
2,58,0
1,59,0
2,59,0
1,60,0
2,60,0
1,61,1
2,61,1.04130454308159e-07
1,62,0
2,62,0
1,63,0
2,63,0
1,64,0
2,64,0
1,65,0
2,65,0
1,66,0
2,66,0
1,67,0
2,67,0
1,68,0
2,68,0
1,69,0
2,69,0
1,70,0
2,70,0
1,71,0
2,71,0
1,72,0
2,72,0
1,73,0
2,73,0
1,74,0
2,74,0
1,75,0
2,75,0
1,76,0
2,76,0
1,77,0
2,77,0
1,78,0
2,78,0
1,79,0
2,79,0
1,80,2
2,80,1.66256958865936e-07
1,81,1
2,81,6.93215523588965e-07
1,82,1
2,82,2.52101931294585e-06
1,83,0
2,83,0
1,84,0
2,84,0
1,85,0
2,85,0
1,86,0
2,86,0
1,87,0
2,87,0
1,88,1.5
2,88,2.41141839128912e-07
1,89,2
2,89,2.69987838128376e-07
1,90,0
2,90,0
1,91,0
2,91,0
1,92,0
2,92,0
1,93,0
2,93,0
1,94,0
2,94,0
1,95,0
2,95,0
1,96,1.5
2,96,5.0544590546947e-09
1,97,0
2,97,0
1,98,3
2,98,5.2344418328256e-07
1,99,3
2,99,6.01368593585985e-07
1,100,2
2,100,2.22818727423784e-07
1,101,1
2,101,2.37429576218372e-07
1,102,0
2,102,0
1,103,0
2,103,0
1,104,0
2,104,0
1,105,0
2,105,0
1,106,2
2,106,4.06132149168145e-06
1,107,1
2,107,1.33449128532051e-18
1,108,0
2,108,0
1,109,0
2,109,0
1,110,0
2,110,0
1,111,0
2,111,0
1,112,0
2,112,0
1,113,0
2,113,0
1,114,0
2,114,0
1,115,0
2,115,0
1,116,0
2,116,0
1,117,0
2,117,0
1,118,1.5
2,118,6.36602010884445e-09
1,119,1
2,119,6.22135419128759e-08
1,120,0
2,120,0
1,121,1
2,121,3.16117712727321e-07
1,122,0
2,122,0
1,123,0
2,123,0
1,124,0
2,124,0
1,125,1
2,125,3.02786846388625e-09
1,126,2
2,126,5.75640891355168e-09
1,127,2.5
2,127,3.20339048506725e-09
1,128,3
2,128,2.68996377319922e-09
1,129,0
2,129,0
1,130,0
2,130,0
1,131,0
2,131,0
1,132,0
2,132,0
1,133,0
2,133,0
1,134,4
2,134,4.38207869664363e-09
1,135,0
2,135,0
1,136,0
2,136,0
1,137,0
2,137,0
1,138,0
2,138,0
1,139,2
2,139,0
1,140,1
2,140,1.6729467395568e-20
1,141,2
2,141,5.54401145761865e-10
1,142,0
2,142,0
1,143,0
2,143,0
1,144,0
2,144,0
1,145,0
2,145,0
1,146,0
2,146,0
1,147,0
2,147,0
1,148,0
2,148,0
1,149,6
2,149,1.60269120672584e-09
1,150,0
2,150,0
1,151,0
2,151,0
1,152,0
2,152,0
1,153,0
2,153,0
1,154,3
2,154,4.21976688156184e-10
1,155,0
2,155,0
1,156,0
2,156,0
1,157,0
2,157,0
1,158,0
2,158,0
1,159,0
2,159,0
1,160,0
2,160,0
1,161,0
2,161,0
1,162,0
2,162,0
1,163,0
2,163,0
1,164,0
2,164,0
1,165,0
2,165,0
1,166,0
2,166,0
1,167,0
2,167,0
1,168,0
2,168,0
1,169,0
2,169,0
1,170,0
2,170,0
1,171,0
2,171,0
1,172,1
2,172,0.0025014952048338
1,173,0
2,173,0
1,174,1
2,174,0.00170788701011785
1,175,0
2,175,0
1,176,0
2,176,0
1,177,0
2,177,0
1,178,2
2,178,0.00201902968492904
1,179,0
2,179,0
1,180,0
2,180,0
1,181,3
2,181,0.00373246394093658
1,182,0
2,182,0
1,183,0
2,183,0
1,184,0
2,184,0
1,185,0
2,185,0
1,186,0
2,186,0
1,187,0
2,187,0
1,188,0
2,188,0
1,189,0
2,189,0
1,190,0
2,190,0
1,191,0
2,191,0
1,192,0
2,192,0
1,193,4
2,193,0.149518452073726
1,194,0
2,194,0
1,195,1
2,195,0.0205359986905003
1,196,1
2,196,0.0227100507438467
1,197,1
2,197,0.00347527342718327
1,198,0
2,198,0
1,199,0
2,199,0
1,200,0
2,200,0
1,201,0
2,201,0
1,202,0
2,202,0
1,203,0
2,203,0
1,204,0
2,204,0
1,205,1
2,205,0.0177763291963036
1,206,0
2,206,0
1,207,1
2,207,0.00260133984489188
1,208,1
2,208,0.0044855460585405
1,209,1
2,209,0.000320664599363569
1,210,0
2,210,0
1,211,0
2,211,0
1,212,0
2,212,0
1,213,0
2,213,0
1,214,0
2,214,0
1,215,0
2,215,0
1,216,0
2,216,0
1,217,0
2,217,0
1,218,0
2,218,0
1,219,0
2,219,0
1,220,0
2,220,0
1,221,1
2,221,0.0435522288245331
1,222,0
2,222,0
1,223,0
2,223,0
1,224,0
2,224,0
1,225,0
2,225,0
1,226,0
2,226,0
1,227,0
2,227,0
1,228,0
2,228,0
1,229,0
2,229,0
1,230,0
2,230,0
1,231,0
2,231,0
1,232,0
2,232,0
1,233,0
2,233,0
1,234,1
2,234,0.0579655384017936
1,235,1
2,235,0.0577630252355318
1,236,1
2,236,0.0015083040176251
1,237,0
2,237,0
1,238,0
2,238,0
1,239,0
2,239,0
1,240,0
2,240,0
1,241,0
2,241,0
1,242,0
2,242,0
1,243,0
2,243,0
1,244,0
2,244,0
1,245,0
2,245,0
1,246,0
2,246,0
1,247,1
2,247,0.00805818366984383
1,248,0
2,248,0
1,249,0
2,249,0
1,250,0
2,250,0
1,251,2
2,251,0.0118629861317663
1,252,0
2,252,0
1,253,1
2,253,0.000518740924722568
1,254,0
2,254,0
1,255,0
2,255,0
1,256,1
2,256,0.0634405250305376
1,257,1
2,257,0.0219689772153807
1,258,0
2,258,0
1,259,0
2,259,0
1,260,0
2,260,0
1,261,0
2,261,0
1,262,0
2,262,0
1,263,1
2,263,0.000923518986028612
1,264,0
2,264,0
1,265,1
2,265,0.0355208887351103
1,266,2
2,266,0.0308323882987324
1,267,0
2,267,0
1,268,1
2,268,0.01161810210666
1,269,0
2,269,0
1,270,0
2,270,0
1,271,0
2,271,0
1,272,1
2,272,0.0614656122263255
1,273,2
2,273,0.101010799620724
1,274,0
2,274,0
1,275,0
2,275,0
1,276,0
2,276,0
1,277,1.5
2,277,0.00403744593572682
1,278,0
2,278,0
1,279,0
2,279,0
1,280,0
2,280,0
1,281,0
2,281,0
1,282,0
2,282,0
1,283,0
2,283,0
1,284,1
2,284,0.0233015110826218
1,285,1
2,285,0.000198038444083503
1,286,1
2,286,0.054190336380674
1,287,1
2,287,0.0750180324243339
1,288,0
2,288,0
1,289,0
2,289,0
1,290,1
2,290,0.0448807850463883
1,291,0
2,291,0
1,292,0
2,292,0
1,293,0
2,293,0
1,294,0
2,294,0
1,295,0
2,295,0
1,296,0
2,296,0
1,297,0
2,297,0
1,298,0
2,298,0
1,299,0
2,299,0
1,300,0
2,300,0
1,301,0
2,301,0
1,302,0
2,302,0
1,303,0
2,303,0
1,304,0
2,304,0
1,305,0
2,305,0
1,306,0
2,306,0
1,307,0
2,307,0
1,308,0
2,308,0
1,309,0
2,309,0
1,310,1
2,310,0.0041969807697089
1,311,0
2,311,0
1,312,1
2,312,0.0303118169568415
1,313,1
2,313,0.00502277384272933
1,314,0
2,314,0
1,315,2
2,315,0.142612430398042
1,316,1
2,316,0.00434676405336589
1,317,1
2,317,0.00737655233894037
1,318,0
2,318,0
1,319,1
2,319,0.000285591820665277
1,320,0
2,320,0
1,321,0
2,321,0
1,322,0
2,322,0
1,323,0
2,323,0
1,324,0
2,324,0
1,325,0
2,325,0
1,326,1
2,326,0.528461849628857
1,327,5
2,327,0.889355419535814
1,328,1
2,328,0.157034182589934
1,329,1
2,329,0.100869146220756
1,330,0
2,330,0
1,331,0
2,331,0
1,332,0
2,332,0
1,333,0
2,333,0
1,334,0
2,334,0
1,335,1
2,335,0.00054839045348562
1,336,0
2,336,0
1,337,0
2,337,0
1,338,1
2,338,0.361365811873061
1,339,3
2,339,1
1,340,2.5
2,340,0.788757981641338
1,341,2.5
2,341,0.667533370278811
1,342,0
2,342,0
1,343,0
2,343,0
1,344,0
2,344,0
1,345,0
2,345,0
1,346,1
2,346,0.0177762157423731
1,347,0
2,347,0
1,348,0
2,348,0
1,349,3
2,349,0.026599745961519
1,350,0
2,350,0
1,351,0
2,351,0
1,352,1.5
2,352,0.216425287727811
1,353,1.5
2,353,0.571522056543825
1,354,2.5
2,354,0.679722008893131
1,355,2.5
2,355,0.468396383429071
1,356,1.5
2,356,0.0834995279301629
1,357,0
2,357,0
1,358,0
2,358,0
1,359,0
2,359,0
1,360,0
2,360,0
1,361,0
2,361,0
1,362,0
2,362,0
1,363,0
2,363,0
1,364,2.5
2,364,0.360366267697546
1,365,0
2,365,0
1,366,1.5
2,366,0.13698762965977
1,367,2
2,367,0.495445799987383
1,368,0
2,368,0
1,369,0
2,369,0
1,370,0
2,370,0
1,371,0
2,371,0
1,372,0
2,372,0
1,373,0
2,373,0
1,374,0
2,374,0
1,375,0
2,375,0
1,376,0
2,376,0
1,377,0
2,377,0
1,378,0
2,378,0
1,379,1
2,379,0.0913725476597608
1,380,1
2,380,0.234664647724737
1,381,1
2,381,0.378271008787612
1,382,2
2,382,0.480629571674052
1,383,1
2,383,0.130318840395327
1,384,0
2,384,0
1,385,1
2,385,0.0106602145545031
1,386,1
2,386,0.00176039767367748
1,387,0
2,387,0
1,388,0
2,388,0
1,389,1
2,389,0.0989909175039551
1,390,0
2,390,0
1,391,0
2,391,0
1,392,0
2,392,0
1,393,0
2,393,0
1,394,1
2,394,0.271641709569523
1,395,1
2,395,0.504511771659371
1,396,1
2,396,0.238136082214895
1,397,0
2,397,0
1,398,0
2,398,0
1,399,0
2,399,0
1,400,1
2,400,0.00194504061525841
1,401,0
2,401,0
1,402,3
2,402,0.16858278433286
1,403,1
2,403,0.0058546320185907
1,404,0
2,404,0
1,405,0
2,405,0
1,406,0
2,406,0
1,407,0
2,407,0
1,408,1
2,408,0.418363645074915
1,409,1
2,409,0.233689796364421
1,410,1
2,410,0.0844535255481577
1,411,0
2,411,0
1,412,0
2,412,0
1,413,0
2,413,0
1,414,1
2,414,0.037227817913905
1,415,0
2,415,0
1,416,0
2,416,0
1,417,3
2,417,0.0456638644710455
1,418,0
2,418,0
1,419,0
2,419,0
1,420,0
2,420,0
1,421,0
2,421,0
1,422,0
2,422,0
1,423,0
2,423,0
1,424,1
2,424,0.173477135780659
1,425,2
2,425,0.137903603102538
1,426,0
2,426,0
1,427,0
2,427,0
1,428,0
2,428,0
1,429,0
2,429,0
1,430,0
2,430,0
1,431,0
2,431,0
1,432,0
2,432,0
1,433,0
2,433,0
1,434,0
2,434,0
1,435,2
2,435,0.00373523198040558
1,436,0
2,436,0
1,437,1
2,437,0.0530745647617663
1,438,0
2,438,0
1,439,1
2,439,0.0216596211477443
1,440,0
2,440,0
1,441,0
2,441,0
1,442,0
2,442,0
1,443,0
2,443,0
1,444,1
2,444,0.069424047120894
1,445,1
2,445,0.0115765036212989
1,446,0
2,446,0
1,447,0
2,447,0
1,448,0
2,448,0
1,449,0
2,449,0
1,450,0
2,450,0
1,451,0
2,451,0
1,452,0
2,452,0
1,453,1
2,453,0.0149149571140954
1,454,0
2,454,0
1,455,0
2,455,0
1,456,0
2,456,0
1,457,1
2,457,0.00672344377169528
1,458,0
2,458,0
1,459,0
2,459,0
1,460,0
2,460,0
1,461,0
2,461,0
1,462,0
2,462,0
1,463,0
2,463,0
1,464,0
2,464,0
1,465,0
2,465,0
1,466,0
2,466,0
1,467,0
2,467,0
1,468,0
2,468,0
1,469,0
2,469,0
1,470,2
2,470,4.94748537081095e-05
1,471,1
2,471,0.0126042071065351
1,472,0
2,472,0
1,473,0
2,473,0
1,474,0
2,474,0
1,475,0
2,475,0
1,476,0
2,476,0
1,477,0
2,477,0
1,478,0
2,478,0
1,479,0
2,479,0
1,480,0
2,480,0
1,481,0
2,481,0
1,482,0
2,482,0
1,483,0
2,483,0
1,484,0
2,484,0
1,485,1
2,485,9.74782296561917e-05
1,486,1
2,486,0.00150631915229522
1,487,0
2,487,0
1,488,1
2,488,0.0518287940436509
1,489,2
2,489,0.0497202062639157
1,490,0
2,490,0
1,491,0
2,491,0
1,492,1
2,492,0.00668999169901521
1,493,0
2,493,0
1,494,0
2,494,0
1,495,0
2,495,0
1,496,0
2,496,0
1,497,0
2,497,0
1,498,0
2,498,0
1,499,0
2,499,0
1,500,1
2,500,0.000122517279363975
1,501,0
2,501,0
1,502,2
2,502,0.0158291367788247
1,503,0
2,503,0
1,504,0
2,504,0
1,505,1
2,505,0.00801474478525829
1,506,0
2,506,0
1,507,0
2,507,0
1,508,0
2,508,0
1,509,0
2,509,0
1,510,0
2,510,0
1,511,0
2,511,0
1,512,1
2,512,0.00505870304207473
1,513,0
2,513,0
1,514,0
2,514,0
1,515,1
2,515,0.0188367434933912
1,516,0
2,516,0
1,517,1
2,517,0.00230011869190205
1,518,1.5
2,518,0.00316346659143815
1,519,1
2,519,0.00536606081546709
1,520,0
2,520,0
1,521,0
2,521,0
1,522,0
2,522,0
1,523,0
2,523,0
1,524,0
2,524,0
1,525,0
2,525,0
1,526,0
2,526,0
1,527,0
2,527,0
1,528,1
2,528,0.0120707138625373
1,529,2
2,529,0.0172266625305627
1,530,1
2,530,0.0101150840953172
1,531,0
2,531,0
1,532,0
2,532,0
1,533,0
2,533,0
1,534,0
2,534,0
1,535,0
2,535,0
1,536,0
2,536,0
1,537,0
2,537,0
1,538,2
2,538,0.00158057529633582
1,539,0
2,539,0
1,540,0
2,540,0
1,541,0
2,541,0
1,542,0
2,542,0
1,543,0
2,543,0
1,544,0
2,544,0
1,545,1
2,545,3.92248576608279e-19
1,546,0
2,546,0
1,547,0
2,547,0
1,548,0
2,548,0
1,549,0
2,549,0
1,550,0
2,550,0
1,551,1
2,551,0.00284920587208253
1,552,0
2,552,0
1,553,0
2,553,0
1,554,0
2,554,0
1,555,0
2,555,0
1,556,0
2,556,0
1,557,0
2,557,0
1,558,0
2,558,0
1,559,0
2,559,0
1,560,0
2,560,0
1,561,0
2,561,0
1,562,0
2,562,0
1,563,1
2,563,0.00294671208270321
1,564,0
2,564,0
1,565,1
2,565,0.00766158146745465
1,566,0
2,566,0
1,567,0
2,567,0
1,568,0
2,568,0
1,569,0
2,569,0
1,570,0
2,570,0
1,571,0
2,571,0
1,572,0
2,572,0
1,573,0
2,573,0
1,574,0
2,574,0
1,575,0
2,575,0
1,576,0
2,576,0
1,577,0
2,577,0
1,578,0
2,578,0
1,579,1
2,579,0.00578364241548242
1,580,0
2,580,0
1,581,0
2,581,0
1,582,0
2,582,0
1,583,0
2,583,0
1,584,0
2,584,0
1,585,0
2,585,0
1,586,0
2,586,0
1,587,0
2,587,0
1,588,0
2,588,0
1,589,1
2,589,0.000378907924617187
1,590,0
2,590,0
1,591,0
2,591,0
1,592,0
2,592,0
1,593,0
2,593,0
1,594,0
2,594,0
1,595,0
2,595,0
1,596,0
2,596,0
1,597,0
2,597,0
1,598,0
2,598,0
1,599,0
2,599,0
1,600,0
2,600,0
1,601,0
2,601,0
1,602,0
2,602,0
1,603,0
2,603,0
1,604,0
2,604,0
1,605,0
2,605,0
1,606,0
2,606,0
1,607,0
2,607,0
1,608,0
2,608,0
1,609,0
2,609,0
1,610,0
2,610,0
1,611,0
2,611,0
1,612,0
2,612,0
1,613,0
2,613,0
1,614,0
2,614,0
1,615,0
2,615,0
1,616,0
2,616,0
1,617,0
2,617,0
1,618,0
2,618,0
1,619,0
2,619,0
1,620,0
2,620,0
1,621,0
2,621,0
1,622,0
2,622,0
1,623,0
2,623,0
1,624,0
2,624,0
1,625,0
2,625,0
1,626,0
2,626,0
1,627,0
2,627,0
1,628,0
2,628,0
1,629,0
2,629,0
1,630,0
2,630,0
1,631,0
2,631,0
1,632,0
2,632,0
1,633,0
2,633,0
1,634,0
2,634,0
1,635,0
2,635,0
1,636,0
2,636,0
1,637,0
2,637,0
1,638,0
2,638,0
1,639,0
2,639,0
1,640,0
2,640,0
1,641,0
2,641,0
1,642,0
2,642,0
1,643,0
2,643,0
1,644,0
2,644,0
1,645,0
2,645,0
1,646,0
2,646,0
1,647,0
2,647,0
1,648,0
2,648,0
1,649,0
2,649,0
1,650,0
2,650,0
1,651,0
2,651,0
1,652,0
2,652,0
1,653,0
2,653,0
1,654,0
2,654,0
1,655,0
2,655,0
1,656,0
2,656,0
1,657,0
2,657,0
1,658,0
2,658,0
1,659,0
2,659,0
1,660,0
2,660,0
1,661,0
2,661,0
1,662,0
2,662,0
1,663,0
2,663,0
1,664,0
2,664,0
1,665,0
2,665,0
1,666,0
2,666,0
1,667,0
2,667,0
1,668,0
2,668,0
1,669,0
2,669,0
1,670,0
2,670,0
1,671,0
2,671,0
1,672,1
2,672,4.73639513228055e-06
1,673,1
2,673,2.91388526127333e-08
1,674,0
2,674,0
1,675,0
2,675,0
1,676,0
2,676,0
1,677,0
2,677,0
1,678,0
2,678,0
1,679,0
2,679,0
1,680,0
2,680,0
1,681,0
2,681,0
1,682,0
2,682,0
1,683,1
2,683,0.000141586732655414
1,684,1.5
2,684,8.06288472095039e-05
1,685,0
2,685,0
1,686,2
2,686,4.59608232648195e-05
1,687,0
2,687,0
1,688,1
2,688,1.13330934261326e-05
1,689,0
2,689,0
1,690,0
2,690,0
1,691,0
2,691,0
1,692,0
2,692,0
1,693,0
2,693,0
1,694,0
2,694,0
1,695,0
2,695,0
1,696,0
2,696,0
1,697,0
2,697,0
1,698,2
2,698,3.9861385600188e-05
1,699,2.5
2,699,3.02448033557796e-05
1,700,1
2,700,3.14689235065196e-05
1,701,0
2,701,0
1,702,0
2,702,0
1,703,1
2,703,0.000138515688444089
1,704,1
2,704,2.55465099246799e-05
1,705,0
2,705,0
1,706,0
2,706,0
1,707,0
2,707,0
1,708,0
2,708,0
1,709,0
2,709,0
1,710,0
2,710,0
1,711,1
2,711,4.46944446154163e-05
1,712,0
2,712,0
1,713,0
2,713,0
1,714,0
2,714,0
1,715,0
2,715,0
1,716,2
2,716,0.000201766093411178
1,717,1
2,717,0.00022042998193529
1,718,0
2,718,0
1,719,0
2,719,0
1,720,1
2,720,2.52070656434733e-05
1,721,0
2,721,0
1,722,0
2,722,0
1,723,0
2,723,0
1,724,0
2,724,0
1,725,0
2,725,0
1,726,0
2,726,0
1,727,1
2,727,6.26757116346916e-06
1,728,1
2,728,0.000300044292652447
1,729,1
2,729,2.95128944872276e-05
1,730,1
2,730,3.26602510960442e-05
1,731,0
2,731,0
