species,pu,amount
1,1,0
2,1,0
3,1,0
4,1,0
5,1,1
6,1,3.14384018231924e-07
1,2,0
2,2,0
3,2,0
4,2,0
5,2,0
6,2,0
1,3,0
2,3,0
3,3,0
4,3,0
5,3,1
6,3,3.97177510709672e-07
1,4,0
2,4,0
3,4,0
4,4,0
5,4,1
6,4,7.05640738537058e-08
1,5,0
2,5,0
3,5,0
4,5,0
5,5,1.5
6,5,1.41338428203731e-05
1,6,0
2,6,0
3,6,0
4,6,0
5,6,1
6,6,1.63763236005061e-05
1,7,0
2,7,0
3,7,0
4,7,0
5,7,0
6,7,0
1,8,0
2,8,0
3,8,0
4,8,0
5,8,0
6,8,0
1,9,0
2,9,0
3,9,0
4,9,0
5,9,0
6,9,0
1,10,0
2,10,0
3,10,0
4,10,0
5,10,0
6,10,0
1,11,0
2,11,0
3,11,0
4,11,0
5,11,0
6,11,0
1,12,0
2,12,0
3,12,0
4,12,0
5,12,1
6,12,1.00655067797507e-07
1,13,0
2,13,0
3,13,0
4,13,0
5,13,1
6,13,6.9784915536821e-08
1,14,0
2,14,0
3,14,0
4,14,0
5,14,1
6,14,2.13090358245091e-05
1,15,0
2,15,0
3,15,0
4,15,0
5,15,2.5
6,15,3.87213788640009e-05
1,16,0
2,16,0
3,16,0
4,16,0
5,16,2
6,16,7.45896652941863e-08
1,17,0
2,17,0
3,17,0
4,17,0
5,17,0
6,17,0
1,18,0
2,18,0
3,18,0
4,18,0
5,18,0
6,18,0
1,19,0
2,19,0
3,19,0
4,19,0
5,19,0
6,19,0
1,20,0
2,20,0
3,20,0
4,20,0
5,20,0
6,20,0
1,21,1
2,21,1.08023016750499e-17
3,21,1
4,21,0.00168466366387533
5,21,0
6,21,0
1,22,0
2,22,0
3,22,0
4,22,0
5,22,0
6,22,0
1,23,0
2,23,0
3,23,0
4,23,0
5,23,1
6,23,4.10230287339429e-07
1,24,0
2,24,0
3,24,0
4,24,0
5,24,0
6,24,0
1,25,0
2,25,0
3,25,0
4,25,0
5,25,0
6,25,0
1,26,0
2,26,0
3,26,0
4,26,0
5,26,1.5
6,26,2.89266483029655e-05
1,27,0
2,27,0
3,27,0
4,27,0
5,27,0
6,27,0
1,28,0
2,28,0
3,28,0
4,28,0
5,28,2
6,28,6.49302752656956e-08
1,29,0
2,29,0
3,29,0
4,29,0
5,29,2
6,29,2.33857425878172e-07
1,30,0
2,30,0
3,30,0
4,30,0
5,30,1
6,30,1.36065266727685e-07
1,31,0
2,31,0
3,31,0
4,31,0
5,31,0
6,31,0
1,32,0
2,32,0
3,32,0
4,32,0
5,32,1
6,32,3.80841355033994e-06
1,33,0
2,33,0
3,33,0
4,33,0
5,33,0
6,33,0
1,34,1
2,34,2.2716672484305e-17
3,34,0
4,34,0
5,34,0
6,34,0
1,35,0
2,35,0
3,35,0
4,35,0
5,35,1
6,35,6.34991008966951e-07
1,36,0
2,36,0
3,36,0
4,36,0
5,36,0
6,36,0
1,37,0
2,37,0
3,37,0
4,37,0
5,37,0
6,37,0
1,38,0
2,38,0
3,38,6
4,38,0.00224034579033723
5,38,3
6,38,5.79627123626355e-05
1,39,0
2,39,0
3,39,0
4,39,0
5,39,0
6,39,0
1,40,0
2,40,0
3,40,0
4,40,0
5,40,0
6,40,0
1,41,0
2,41,0
3,41,0
4,41,0
5,41,0
6,41,0
1,42,0
2,42,0
3,42,0
4,42,0
5,42,0
6,42,0
1,43,0
2,43,0
3,43,1
4,43,9.0668060494409e-07
5,43,0
6,43,0
1,44,0
2,44,0
3,44,0
4,44,0
5,44,0
6,44,0
1,45,1
2,45,8.71849867202765e-18
3,45,0
4,45,0
5,45,0
6,45,0
1,46,0
2,46,0
3,46,0
4,46,0
5,46,0
6,46,0
1,47,0
2,47,0
3,47,0
4,47,0
5,47,2
6,47,2.42199252790468e-07
1,48,0
2,48,0
3,48,0
4,48,0
5,48,0
6,48,0
1,49,0
2,49,0
3,49,0
4,49,0
5,49,5
6,49,9.53514167704984e-05
1,50,0
2,50,0
3,50,0
4,50,0
5,50,6
6,50,0.000120862066964666
1,51,0
2,51,0
3,51,0
4,51,0
5,51,2.5
6,51,4.28221921324605e-05
1,52,0
2,52,0
3,52,0
4,52,0
5,52,2
6,52,8.20167374530175e-05
1,53,0
2,53,0
3,53,0
4,53,0
5,53,0
6,53,0
1,54,0
2,54,0
3,54,0
4,54,0
5,54,0
6,54,0
1,55,0
2,55,0
3,55,0
4,55,0
5,55,0
6,55,0
1,56,0
2,56,0
3,56,0
4,56,0
5,56,0
6,56,0
1,57,0
2,57,0
3,57,0
4,57,0
5,57,0
6,57,0
1,58,0
2,58,0
3,58,0
4,58,0
5,58,0
6,58,0
1,59,0
2,59,0
3,59,0
4,59,0
5,59,0
6,59,0
1,60,0
2,60,0
3,60,0
4,60,0
5,60,0
6,60,0
1,61,0
2,61,0
3,61,5
4,61,0.000390219912056232
5,61,2
6,61,0.000107499800291531
1,62,0
2,62,0
3,62,3
4,62,0.000297039662298618
5,62,1
6,62,6.8335624474637e-05
1,63,1
2,63,0
3,63,1
4,63,9.91183046017623e-05
5,63,0
6,63,0
1,64,0
2,64,0
3,64,0
4,64,0
5,64,12
6,64,1.10991081783673e-06
1,65,0
2,65,0
3,65,0
4,65,0
5,65,4
6,65,1.50583252557239e-06
1,66,0
2,66,0
3,66,0
4,66,0
5,66,2
6,66,7.90177003833529e-07
1,67,0
2,67,0
3,67,0
4,67,0
5,67,0
6,67,0
1,68,0
2,68,0
3,68,0
4,68,0
5,68,1
6,68,5.48791601993923e-09
1,69,0
2,69,0
3,69,3
4,69,0.000390103755047315
5,69,0
6,69,0
1,70,0
2,70,0
3,70,2
4,70,0.000243089368830175
5,70,0
6,70,0
1,71,2
2,71,0
3,71,0
4,71,0
5,71,0
6,71,0
1,72,0
2,72,0
3,72,0
4,72,0
5,72,0
6,72,0
1,73,0
2,73,0
3,73,0
4,73,0
5,73,2
6,73,1.07742339864684e-06
1,74,0
2,74,0
3,74,0
4,74,0
5,74,0
6,74,0
1,75,0
2,75,0
3,75,0
4,75,0
5,75,0
6,75,0
1,76,0
2,76,0
3,76,0
4,76,0
5,76,0
6,76,0
1,77,0
2,77,0
3,77,1
4,77,7.09136266785466e-05
5,77,0
6,77,0
1,78,11
2,78,1.17077581452798e-17
3,78,3
4,78,0.000205041122298312
5,78,0
6,78,0
1,79,0
2,79,0
3,79,0
4,79,0
5,79,0
6,79,0
1,80,0
2,80,0
3,80,0
4,80,0
5,80,1
6,80,5.29858511927477e-07
1,81,0
2,81,0
3,81,0
4,81,0
5,81,1
6,81,3.77361150490995e-07
1,82,0
2,82,0
3,82,0
4,82,0
5,82,0
6,82,0
1,83,0
2,83,0
3,83,0
4,83,0
5,83,1
6,83,7.89883230816162e-07
1,84,0
2,84,0
3,84,0
4,84,0
5,84,0
6,84,0
1,85,0
2,85,0
3,85,0
4,85,0
5,85,0
6,85,0
1,86,2
2,86,5.4335365882817e-18
3,86,0
4,86,0
5,86,0
6,86,0
1,87,0
2,87,0
3,87,2
4,87,0.000118806572490953
5,87,1.5
6,87,4.8404822986802e-07
1,88,0
2,88,0
3,88,0
4,88,0
5,88,3.5
6,88,0.000422329340629588
1,89,0
2,89,0
3,89,0
4,89,0
5,89,0
6,89,0
1,90,0
2,90,0
3,90,0
4,90,0
5,90,2
6,90,1.68150731312734e-06
1,91,0
2,91,0
3,91,0
4,91,0
5,91,0
6,91,0
1,92,0
2,92,0
3,92,0
4,92,0
5,92,0
6,92,0
1,93,0
2,93,0
3,93,0
4,93,0
5,93,0
6,93,0
1,94,1.5
2,94,5.6581753636159e-18
3,94,0
4,94,0
5,94,0
6,94,0
1,95,9.5
2,95,9.1458148940246e-18
3,95,0
4,95,0
5,95,0
6,95,0
1,96,4
2,96,2.59674023006444e-18
3,96,0
4,96,0
5,96,4
6,96,5.13492917689698e-06
1,97,0
2,97,0
3,97,2
4,97,3.9876624517003e-08
5,97,0
6,97,0
1,98,0
2,98,0
3,98,0
4,98,0
5,98,3
6,98,1.01356606512315e-06
1,99,0
2,99,0
3,99,0
4,99,0
5,99,1
6,99,6.77713700715011e-07
1,100,0
2,100,0
3,100,0
4,100,0
5,100,5
6,100,1.56052286376899e-06
1,101,0
2,101,0
3,101,0
4,101,0
5,101,1
6,101,7.98139156567799e-07
1,102,0
2,102,0
3,102,0
4,102,0
5,102,0
6,102,0
1,103,0
2,103,0
3,103,0
4,103,0
5,103,0
6,103,0
1,104,2
2,104,1.40444622199463e-17
3,104,0
4,104,0
5,104,0
6,104,0
1,105,1
2,105,2.7377925892972e-18
3,105,1
4,105,0.00170508650341251
5,105,0
6,105,0
1,106,0
2,106,0
3,106,0
4,106,0
5,106,4
6,106,9.59547219162214e-07
1,107,0
2,107,0
3,107,0
4,107,0
5,107,1
6,107,7.48124287233064e-07
1,108,0
2,108,0
3,108,0
4,108,0
5,108,0
6,108,0
1,109,0
2,109,0
3,109,0
4,109,0
5,109,0
6,109,0
1,110,1
2,110,1.3237394664898e-17
3,110,1
4,110,0.000147879585958441
5,110,0
6,110,0
1,111,1.5
2,111,1.13070461049175e-17
3,111,0
4,111,0
5,111,0
6,111,0
1,112,0
2,112,0
3,112,0
4,112,0
5,112,0
6,112,0
1,113,16
2,113,5.7195405045272e-18
3,113,0
4,113,0
5,113,1
6,113,3.82402462915627e-09
1,114,0
2,114,0
3,114,0
4,114,0
5,114,0
6,114,0
1,115,0
2,115,0
3,115,0
4,115,0
5,115,1
6,115,4.20726160325379e-07
1,116,0
2,116,0
3,116,0
4,116,0
5,116,1
6,116,5.27691188120047e-07
1,117,0
2,117,0
3,117,0
4,117,0
5,117,0
6,117,0
1,118,4.5
2,118,0
3,118,22.5
4,118,0.114432125787027
5,118,7
6,118,1.71219155913899e-05
1,119,0
2,119,0
3,119,0
4,119,0
5,119,1.5
6,119,4.59572251809666e-06
1,120,0
2,120,0
3,120,0
4,120,0
5,120,1
6,120,1.77650200381631e-07
1,121,0
2,121,0
3,121,0
4,121,0
5,121,1.5
6,121,1.53178693772719e-05
1,122,0
2,122,0
3,122,0
4,122,0
5,122,1
6,122,1.78717077556137e-07
1,123,0
2,123,0
3,123,1
4,123,0.000102445479362434
5,123,0
6,123,0
1,124,23.5
2,124,0
3,124,67
4,124,1
5,124,1
6,124,3.3737587895618e-07
1,125,4.5
2,125,0
3,125,1
4,125,0.0496820681583169
5,125,1
6,125,2.24061297119193e-09
1,126,0
2,126,0
3,126,0
4,126,0
5,126,15.5
6,126,1.2739785308649e-05
1,127,0
2,127,0
3,127,1
4,127,9.04926995848225e-06
5,127,2
6,127,6.73284585144416e-06
1,128,6.5
2,128,3.47352639201997e-18
3,128,1.5
4,128,3.99366025972425e-06
5,128,2.5
6,128,1.9003200309662e-06
1,129,0
2,129,0
3,129,0
4,129,0
5,129,2
6,129,1.4951817732723e-07
1,130,0
2,130,0
3,130,0
4,130,0
5,130,1
6,130,4.21857871803887e-07
1,131,0
2,131,0
3,131,1
4,131,3.37152332563336e-05
5,131,0
6,131,0
1,132,0
2,132,0
3,132,16
4,132,0.227442325831094
5,132,0
6,132,0
1,133,15.5
2,133,0
3,133,17.5
4,133,0.278202904554098
5,133,1
6,133,3.96167950981495e-07
1,134,0
2,134,0
3,134,0
4,134,0
5,134,3
6,134,4.79161614805846e-06
1,135,0
2,135,0
3,135,0
4,135,0
5,135,2
6,135,0.00162818587318974
1,136,0
2,136,0
3,136,0
4,136,0
5,136,0
6,136,0
1,137,1
2,137,0
3,137,0
4,137,0
5,137,0
6,137,0
1,138,10
2,138,4.9792307467086e-18
3,138,4.5
4,138,0.00625787660586344
5,138,0
6,138,0
1,139,4.5
2,139,8.2704225832295e-18
3,139,0
4,139,0
5,139,11
6,139,2.67927173280999e-08
1,140,0
2,140,0
3,140,0
4,140,0
5,140,0
6,140,0
1,141,23
2,141,6.60909541875315e-18
3,141,9
4,141,4.14341970562573e-18
5,141,0
6,141,0
1,142,33.5
2,142,5.5409029039348e-18
3,142,6
4,142,4.00604463305052e-05
5,142,0
6,142,0
1,143,0
2,143,0
3,143,0
4,143,0
5,143,0
6,143,0
1,144,0
2,144,0
3,144,0
4,144,0
5,144,1
6,144,1.01159650364496e-07
1,145,1
2,145,9.90299428453742e-18
3,145,1
4,145,6.61823907797914e-05
5,145,0
6,145,0
1,146,6
2,146,1.26736230491625e-17
3,146,4
4,146,0.00142749520104926
5,146,1
6,146,6.56689643522843e-12
1,147,0
2,147,0
3,147,0
4,147,0
5,147,1.5
6,147,4.40399459314405e-08
1,148,0
2,148,0
3,148,2
4,148,1.46827204371154e-05
5,148,0
6,148,0
1,149,28.5
2,149,0
3,149,0
4,149,0
5,149,20
6,149,2.30807244534548e-06
1,150,0
2,150,0
3,150,0
4,150,0
5,150,0
6,150,0
1,151,0
2,151,0
3,151,0
4,151,0
5,151,0
6,151,0
1,152,0
2,152,0
3,152,0
4,152,0
5,152,0
6,152,0
1,153,1
2,153,1.62890228518174e-18
3,153,0
4,153,0
5,153,0
6,153,0
1,154,4
2,154,0
3,154,0
4,154,0
5,154,6.5
6,154,1.76811210006884e-07
1,155,0
2,155,0
3,155,0
4,155,0
5,155,1
6,155,3.04014977260308e-05
1,156,0
2,156,0
3,156,0
4,156,0
5,156,0
6,156,0
1,157,2
2,157,1.13192739189884e-17
3,157,0
4,157,0
5,157,0
6,157,0
1,158,0
2,158,0
3,158,0
4,158,0
5,158,0
6,158,0
1,159,0
2,159,0
3,159,0
4,159,0
5,159,1
6,159,4.3553359696167e-10
1,160,28
2,160,1.83208513622166e-18
3,160,9
4,160,3.20839429890241e-18
5,160,0
6,160,0
1,161,0
2,161,0
3,161,0
4,161,0
5,161,2
6,161,7.7636152722536e-07
1,162,1
2,162,8.2138210971653e-18
3,162,0
4,162,0
5,162,0
6,162,0
1,163,2.5
2,163,4.06636355977839e-18
3,163,0
4,163,0
5,163,0
6,163,0
1,164,7.5
2,164,1.70802790110592e-18
3,164,0
4,164,0
5,164,1
6,164,6.93552907547171e-09
1,165,9
2,165,5.2166067366172e-18
3,165,0
4,165,0
5,165,0
6,165,0
1,166,3
2,166,2.05081991630431e-17
3,166,0
4,166,0
5,166,2
6,166,6.77534153250582e-05
1,167,1.5
2,167,1.27752754209501e-17
3,167,0
4,167,0
5,167,0
6,167,0
1,168,0
2,168,0
3,168,2
4,168,4.62914126525695e-19
5,168,2
6,168,2.22556918449513e-08
1,169,0
2,169,0
3,169,0
4,169,0
5,169,2
6,169,2.28621394330812e-05
1,170,4
2,170,7.36439498834864e-18
3,170,0
4,170,0
5,170,0
6,170,0
1,171,16.5
2,171,6.9392812794991e-18
3,171,0
4,171,0
5,171,0
6,171,0
1,172,0
2,172,0
3,172,0
4,172,0
5,172,1
6,172,0.00156179603610925
1,173,1
2,173,1.74607944711823e-18
3,173,0
4,173,0
5,173,0
6,173,0
1,174,0
2,174,0
3,174,0
4,174,0
5,174,0
6,174,0
1,175,0
2,175,0
3,175,0
4,175,0
5,175,0
6,175,0
1,176,0
2,176,0
3,176,0
4,176,0
5,176,0
6,176,0
1,177,0
2,177,0
3,177,0
4,177,0
5,177,2
6,177,0.00102669216435227
1,178,0
2,178,0
3,178,0
4,178,0
5,178,3
6,178,0.00534971211971615
1,179,1
2,179,2.78863387060384e-16
3,179,0
4,179,0
5,179,0
6,179,0
1,180,3
2,180,2.6838007354758e-18
3,180,0
4,180,0
5,180,0
6,180,0
1,181,0
2,181,0
3,181,0
4,181,0
5,181,2
6,181,0.00362193374816726
1,182,0
2,182,0
3,182,0
4,182,0
5,182,0
6,182,0
1,183,0
2,183,0
3,183,0
4,183,0
5,183,1
6,183,0.0129548969179681
1,184,0
2,184,0
3,184,0
4,184,0
5,184,0
6,184,0
1,185,1
2,185,1.31784129678616e-18
3,185,1
4,185,1.42164071136367e-05
5,185,0
6,185,0
1,186,4
2,186,6.51089070121998e-18
3,186,2
4,186,4.22405601183254e-08
5,186,1
6,186,0.012908913426166
1,187,2
2,187,6.95256601603726e-18
3,187,1
4,187,1.24520170729846e-07
5,187,0
6,187,0
1,188,0
2,188,0
3,188,0
4,188,0
5,188,5
6,188,0.0356589390636828
1,189,0
2,189,0
3,189,1
4,189,4.91853834459801e-05
5,189,1
6,189,0.028719181464006
1,190,0
2,190,0
3,190,0
4,190,0
5,190,0
6,190,0
1,191,2
2,191,8.98846805169752e-15
3,191,0
4,191,0
5,191,0
6,191,0
1,192,1
2,192,7.355911391433e-15
3,192,0
4,192,0
5,192,0
6,192,0
1,193,0
2,193,0
3,193,58.5
4,193,2.3191566657121e-06
5,193,8.5
6,193,0.499919413060321
1,194,0
2,194,0
3,194,6
4,194,3.83635726436163e-07
5,194,1.5
6,194,0.160208630201717
1,195,0
2,195,0
3,195,0
4,195,0
5,195,0
6,195,0
1,196,1
2,196,1.64056220357574e-18
3,196,2
4,196,5.62779917666153e-08
5,196,0
6,196,0
1,197,0
2,197,0
3,197,0
4,197,0
5,197,1
6,197,0.0368960828865333
1,198,0
2,198,0
3,198,0
4,198,0
5,198,0
6,198,0
1,199,0
2,199,0
3,199,0
4,199,0
5,199,0
6,199,0
1,200,0
2,200,0
3,200,0
4,200,0
5,200,1
6,200,0.00797928603418148
1,201,0
2,201,0
3,201,0
4,201,0
5,201,0
6,201,0
1,202,1
2,202,1.12760537054501e-15
3,202,0
4,202,0
5,202,0
6,202,0
1,203,1
2,203,5.16513330411065e-16
3,203,0
4,203,0
5,203,0
6,203,0
1,204,1
2,204,9.31789549774675e-18
3,204,1.5
4,204,3.7473737572391e-07
5,204,1
6,204,0.0946518819497874
1,205,4
2,205,4.269410145629e-17
3,205,0
4,205,0
5,205,1
6,205,0.117472923873861
1,206,0
2,206,0
3,206,2
4,206,2.78463055786658e-07
5,206,0
6,206,0
1,207,0
2,207,0
3,207,0
4,207,0
5,207,2
6,207,0.0416251871691259
1,208,0
2,208,0
3,208,0
4,208,0
5,208,7
6,208,0.0603608245572389
1,209,0
2,209,0
3,209,0
4,209,0
5,209,0
6,209,0
1,210,0
2,210,0
3,210,0
4,210,0
5,210,2
6,210,0.0307304532396243
1,211,0
2,211,0
3,211,2
4,211,6.49673877553615e-06
5,211,0
6,211,0
1,212,0
2,212,0
3,212,0
4,212,0
5,212,0
6,212,0
1,213,0
2,213,0
3,213,0
4,213,0
5,213,0
6,213,0
1,214,0
2,214,0
3,214,0
4,214,0
5,214,0
6,214,0
1,215,0
2,215,0
3,215,0
4,215,0
5,215,0
6,215,0
1,216,0
2,216,0
3,216,1
4,216,2.76377180711996e-06
5,216,0
6,216,0
1,217,0
2,217,0
3,217,0
4,217,0
5,217,0
6,217,0
1,218,1
2,218,1.09991786581176e-15
3,218,0
4,218,0
5,218,1
6,218,0.0855127338188527
1,219,1
2,219,8.9486268329113e-16
3,219,0
4,219,0
5,219,2
6,219,0.0548507550020231
1,220,1.5
2,220,2.38290004294984e-17
3,220,1
4,220,4.19101871312294e-07
5,220,1
6,220,0.0014082610924252
1,221,0
2,221,0
3,221,0
4,221,0
5,221,3.5
6,221,0.0799608421432277
1,222,0
2,222,0
3,222,0
4,222,0
5,222,2
6,222,0.0649277099523205
1,223,0
2,223,0
3,223,0
4,223,0
5,223,0
6,223,0
1,224,0
2,224,0
3,224,0
4,224,0
5,224,1
6,224,0.0324245726892632
1,225,0
2,225,0
3,225,0
4,225,0
5,225,0
6,225,0
1,226,0
2,226,0
3,226,0
4,226,0
5,226,0
6,226,0
1,227,0
2,227,0
3,227,0
4,227,0
5,227,1
6,227,0.0420461322571277
1,228,0
2,228,0
3,228,0
4,228,0
5,228,0
6,228,0
1,229,0
2,229,0
3,229,0
4,229,0
5,229,1
6,229,0.127578511551403
1,230,0
2,230,0
3,230,0
4,230,0
5,230,0
6,230,0
1,231,0
2,231,0
3,231,0
4,231,0
5,231,0
6,231,0
1,232,0
2,232,0
3,232,0
4,232,0
5,232,1
6,232,0.0768288215378373
1,233,7
2,233,2.0725487011676e-15
3,233,1
4,233,7.48145454664475e-07
5,233,0
6,233,0
1,234,0
2,234,0
3,234,0
4,234,0
5,234,3
6,234,0.0865954298631506
1,235,0
2,235,0
3,235,0
4,235,0
5,235,2
6,235,0.0553155031806391
1,236,0
2,236,0
3,236,0
4,236,0
5,236,0
6,236,0
1,237,0
2,237,0
3,237,0
4,237,0
5,237,0
6,237,0
1,238,0
2,238,0
3,238,0
4,238,0
5,238,0
6,238,0
1,239,0
2,239,0
3,239,0
4,239,0
5,239,1
6,239,0.0493696736840828
1,240,0
2,240,0
3,240,0
4,240,0
5,240,2
6,240,0.148310864288244
1,241,0
2,241,0
3,241,0
4,241,0
5,241,0
6,241,0
1,242,0
2,242,0
3,242,0
4,242,0
5,242,0
6,242,0
1,243,0
2,243,0
3,243,0
4,243,0
5,243,1
6,243,0.0234657557247791
1,244,3
2,244,1.59716496701786e-14
3,244,1
4,244,5.47062771545775e-06
5,244,0
6,244,0
1,245,0
2,245,0
3,245,0
4,245,0
5,245,4
6,245,0.0864906270788909
1,246,0
2,246,0
3,246,0
4,246,0
5,246,1
6,246,0.0824413506299755
1,247,0
2,247,0
3,247,0
4,247,0
5,247,1
6,247,0.0450148988648369
1,248,0
2,248,0
3,248,0
4,248,0
5,248,1
6,248,0.0347120683154443
1,249,0
2,249,0
3,249,0
4,249,0
5,249,0
6,249,0
1,250,0
2,250,0
3,250,0
4,250,0
5,250,1
6,250,0.113079336130418
1,251,0
2,251,0
3,251,0
4,251,0
5,251,0
6,251,0
1,252,0
2,252,0
3,252,1
4,252,3.30465166366006e-06
5,252,1
6,252,0.0104028206220225
1,253,0
2,253,0
3,253,0
4,253,0
5,253,2
6,253,0.0115433187778495
1,254,2
2,254,1.85997334513551e-15
3,254,1
4,254,1.79900146199635e-06
5,254,0
6,254,0
1,255,0
2,255,0
3,255,0
4,255,0
5,255,1
6,255,0.0394126414177644
1,256,0
2,256,0
3,256,0
4,256,0
5,256,6.5
6,256,0.11275966763649
1,257,0
2,257,0
3,257,0
4,257,0
5,257,3.5
6,257,0.0763986016889692
1,258,0
2,258,0
3,258,0
4,258,0
5,258,0
6,258,0
1,259,0
2,259,0
3,259,0
4,259,0
5,259,0
6,259,0
1,260,0
2,260,0
3,260,0
4,260,0
5,260,1
6,260,0.0184848615316815
1,261,0
2,261,0
3,261,1
4,261,5.55496951830834e-18
5,261,0
6,261,0
1,262,0
2,262,0
3,262,3
4,262,3.56975712387867e-06
5,262,0
6,262,0
1,263,2
2,263,1.33373564623272e-14
3,263,0
4,263,0
5,263,1
6,263,0.0188832699719114
1,264,0
2,264,0
3,264,0
4,264,0
5,264,0
6,264,0
1,265,0
2,265,0
3,265,0
4,265,0
5,265,1
6,265,0.0273957375854347
1,266,0
2,266,0
3,266,0
4,266,0
5,266,3
6,266,0.0398072520588028
1,267,0
2,267,0
3,267,0
4,267,0
5,267,1.5
6,267,0.0242006314703023
1,268,0
2,268,0
3,268,0
4,268,0
5,268,1
6,268,0.0285033913078261
1,269,0
2,269,0
3,269,0
4,269,0
5,269,1
6,269,0.0451239013581467
1,270,0
2,270,0
3,270,0
4,270,0
5,270,1
6,270,0.0312071314431581
1,271,0
2,271,0
3,271,0
4,271,0
5,271,2
6,271,0.0737811910773222
1,272,0
2,272,0
3,272,0
4,272,0
5,272,2
6,272,0.0592523743572957
1,273,0
2,273,0
3,273,0
4,273,0
5,273,3
6,273,0.116099674004883
1,274,0
2,274,0
3,274,0
4,274,0
5,274,0
6,274,0
1,275,0
2,275,0
3,275,0
4,275,0
5,275,0
6,275,0
1,276,0
2,276,0
3,276,0
4,276,0
5,276,0
6,276,0
1,277,1.5
2,277,4.75145475956992e-14
3,277,2
4,277,0
5,277,2
6,277,0.0134931888067558
1,278,0
2,278,0
3,278,0
4,278,0
5,278,0
6,278,0
1,279,0
2,279,0
3,279,0
4,279,0
5,279,3.5
6,279,0.0371047773059841
1,280,0
2,280,0
3,280,0
4,280,0
5,280,4
6,280,0.00372039007711133
1,281,0
2,281,0
3,281,0
4,281,0
5,281,0
6,281,0
1,282,0
2,282,0
3,282,2
4,282,1.48132520488222e-17
5,282,0
6,282,0
1,283,0
2,283,0
3,283,2
4,283,1.54297873649892e-06
5,283,0
6,283,0
1,284,0
2,284,0
3,284,0
4,284,0
5,284,1.5
6,284,0.0170564203809017
1,285,0
2,285,0
3,285,0
4,285,0
5,285,1
6,285,0.0179696652275004
1,286,0
2,286,0
3,286,0
4,286,0
5,286,0
6,286,0
1,287,0
2,287,0
3,287,0
4,287,0
5,287,5
6,287,0.147820924700511
1,288,0
2,288,0
3,288,0
4,288,0
5,288,0
6,288,0
1,289,0
2,289,0
3,289,1
4,289,3.18993429347287e-07
5,289,0
6,289,0
1,290,0
2,290,0
3,290,0
4,290,0
5,290,1
6,290,0.0143202763113363
1,291,0
2,291,0
3,291,0
4,291,0
5,291,2
6,291,0.0229671046203087
1,292,0
2,292,0
3,292,0
4,292,0
5,292,1
6,292,0.0123074189369821
1,293,0
2,293,0
3,293,2
4,293,1.50526246463538e-06
5,293,0
6,293,0
1,294,0
2,294,0
3,294,2.5
4,294,2.68521219635073e-06
5,294,0
6,294,0
1,295,0
2,295,0
3,295,3
4,295,1.87111704848864e-06
5,295,0
6,295,0
1,296,0
2,296,0
3,296,7
4,296,2.2029315141188e-06
5,296,2
6,296,0.00110689724142419
1,297,0
2,297,0
3,297,2
4,297,2.02619832164238e-06
5,297,1
6,297,0.0115959348895561
1,298,0
2,298,0
3,298,0
4,298,0
5,298,0
6,298,0
1,299,0
2,299,0
3,299,0
4,299,0
5,299,14
6,299,0.191891408795486
1,300,0
2,300,0
3,300,0
4,300,0
5,300,1.5
6,300,0.0396078725222454
1,301,1.5
2,301,1.2034525071624e-15
3,301,5
4,301,5.55496951830834e-18
5,301,1
6,301,0.0187730219591911
1,302,0
2,302,0
3,302,0
4,302,0
5,302,1
6,302,0.256299623448841
1,303,0
2,303,0
3,303,0
4,303,0
5,303,1
6,303,0.0441043441959884
1,304,0
2,304,0
3,304,0
4,304,0
5,304,1
6,304,0.00571251203223823
1,305,0
2,305,0
3,305,1
4,305,4.07589478884403e-06
5,305,0
6,305,0
1,306,0
2,306,0
3,306,4
4,306,1.58511618516139e-06
5,306,1
6,306,0.000385641266513058
1,307,0
2,307,0
3,307,3.5
4,307,1.93407832688889e-06
5,307,0
6,307,0
1,308,0
2,308,0
3,308,3.5
4,308,1.88440073157319e-06
5,308,0
6,308,0
1,309,0
2,309,0
3,309,1.5
4,309,1.80361175533635e-06
5,309,0
6,309,0
1,310,0
2,310,0
3,310,1
4,310,2.49473566573696e-06
5,310,0
6,310,0
1,311,0
2,311,0
3,311,0
4,311,0
5,311,0
6,311,0
1,312,0
2,312,0
3,312,0
4,312,0
5,312,3
6,312,0.0693274068640383
1,313,1.5
2,313,1.01992204630913e-13
3,313,1
4,313,3.70331301220556e-18
5,313,0
6,313,0
1,314,3.5
2,314,5.32883389831646e-18
3,314,3
4,314,1.4144509054802e-07
5,314,1
6,314,0.0418473535095781
1,315,0
2,315,0
3,315,0
4,315,0
5,315,0
6,315,0
1,316,0
2,316,0
3,316,0
4,316,0
5,316,0
6,316,0
1,317,0
2,317,0
3,317,3
4,317,1.03349615514342e-06
5,317,1
6,317,0.00740165113125409
1,318,0
2,318,0
3,318,1.5
4,318,2.16148144327963e-06
5,318,1
6,318,0.00852133473806429
1,319,0
2,319,0
3,319,1
4,319,6.64891072407107e-07
5,319,1
6,319,0.00462827245552873
1,320,0
2,320,0
3,320,3
4,320,2.23824766312992e-06
5,320,0
6,320,0
1,321,0
2,321,0
3,321,1
4,321,1.386677308202e-06
5,321,0
6,321,0
1,322,0
2,322,0
3,322,1
4,322,1.38874237957709e-18
5,322,0
6,322,0
1,323,0
2,323,0
3,323,0
4,323,0
5,323,1
6,323,0.0109677122686599
1,324,4.5
2,324,1.09121004417746e-12
3,324,2
4,324,3.60726968818874e-07
5,324,3
6,324,0.0458340939040622
1,325,0
2,325,0
3,325,0
4,325,0
5,325,0
6,325,0
1,326,0
2,326,0
3,326,0
4,326,0
5,326,3
6,326,0.538183161537402
1,327,0
2,327,0
3,327,0
4,327,0
5,327,4.5
6,327,0.424709917009157
1,328,0
2,328,0
3,328,0
4,328,0
5,328,0
6,328,0
1,329,0
2,329,0
3,329,0
4,329,0
5,329,1
6,329,0.10158703840426
1,330,0
2,330,0
3,330,0
4,330,0
5,330,1
6,330,0.00205095811872813
1,331,0
2,331,0
3,331,0
4,331,0
5,331,1
6,331,0.00498121395830251
1,332,0
2,332,0
3,332,0
4,332,0
5,332,1
6,332,0.00323354341415524
1,333,0
2,333,0
3,333,1
4,333,6.98175174334251e-07
5,333,0
6,333,0
1,334,0
2,334,0
3,334,0
4,334,0
5,334,0
6,334,0
1,335,0
2,335,0
3,335,0
4,335,0
5,335,1
6,335,0.00894601797333855
1,336,1.5
2,336,2.96594373614582e-11
3,336,2
4,336,5.45295218556634e-07
5,336,1
6,336,0.0301614868456528
1,337,0
2,337,0
3,337,0
4,337,0
5,337,0
6,337,0
1,338,0
2,338,0
3,338,0
4,338,0
5,338,1
6,338,0.0625537791938578
1,339,0
2,339,0
3,339,0
4,339,0
5,339,2.5
6,339,0.34579910409701
1,340,0
2,340,0
3,340,0
4,340,0
5,340,5.5
6,340,0.338626768123627
1,341,0
2,341,0
3,341,0
4,341,0
5,341,4.5
6,341,0.571482051661589
1,342,0
2,342,0
3,342,0
4,342,0
5,342,1
6,342,0.117307462564272
1,343,0
2,343,0
3,343,0
4,343,0
5,343,0
6,343,0
1,344,0
2,344,0
3,344,0
4,344,0
5,344,1
6,344,0.0037202415059764
1,345,0
2,345,0
3,345,0
4,345,0
5,345,1
6,345,0.00763322539268305
1,346,0
2,346,0
3,346,0
4,346,0
5,346,0
6,346,0
1,347,0
2,347,0
3,347,0
4,347,0
5,347,2
6,347,0.0171025902618301
1,348,0
2,348,0
3,348,0
4,348,0
5,348,2
6,348,0.00499905823457629
1,349,1.5
2,349,1.15679279808905e-09
3,349,1
4,349,0
5,349,0
6,349,0
1,350,0
2,350,0
3,350,0
4,350,0
5,350,0
6,350,0
1,351,0
2,351,0
3,351,0
4,351,0
5,351,0
6,351,0
1,352,0
2,352,0
3,352,0
4,352,0
5,352,1.5
6,352,0.247406392736188
1,353,0
2,353,0
3,353,0
4,353,0
5,353,4
6,353,0.164751319929172
1,354,0
2,354,0
3,354,0
4,354,0
5,354,3
6,354,0.288114872136317
1,355,0
2,355,0
3,355,0
4,355,0
5,355,2
6,355,0.432379498372484
1,356,0
2,356,0
3,356,0
4,356,0
5,356,1
6,356,0.146046838990293
1,357,0
2,357,0
3,357,0
4,357,0
5,357,0
6,357,0
1,358,0
2,358,0
3,358,0
4,358,0
5,358,1
6,358,0.0198909663053954
1,359,0
2,359,0
3,359,0
4,359,0
5,359,0
6,359,0
1,360,0
2,360,0
3,360,0
4,360,0
5,360,0
6,360,0
1,361,0
2,361,0
3,361,0
4,361,0
5,361,5
6,361,0.0462646191484139
1,362,0
2,362,0
3,362,0
4,362,0
5,362,0
6,362,0
1,363,0
2,363,0
3,363,0
4,363,0
5,363,0
6,363,0
1,364,0
2,364,0
3,364,0
4,364,0
5,364,0
6,364,0
1,365,0
2,365,0
3,365,0
4,365,0
5,365,2.5
6,365,0.22274473938516
1,366,0
2,366,0
3,366,0
4,366,0
5,366,3.5
6,366,0.3437633208549
1,367,0
2,367,0
3,367,0
4,367,0
5,367,1.5
6,367,0.596951283874358
1,368,0
2,368,0
3,368,0
4,368,0
5,368,0
6,368,0
1,369,0
2,369,0
3,369,0
4,369,0
5,369,2
6,369,0.0133746305120612
1,370,0
2,370,0
3,370,0
4,370,0
5,370,0
6,370,0
1,371,0
2,371,0
3,371,0
4,371,0
5,371,0
6,371,0
1,372,0
2,372,0
3,372,0
4,372,0
5,372,0
6,372,0
1,373,0
2,373,0
3,373,0
4,373,0
5,373,0
6,373,0
1,374,0
2,374,0
3,374,1
4,374,9.17423089954691e-07
5,374,2.5
6,374,0.0284392019248452
1,375,1.5
2,375,4.39473646806633e-11
3,375,1
4,375,3.70331301220556e-18
5,375,0
6,375,0
1,376,1
2,376,0.000374417498048765
3,376,0
4,376,0
5,376,0
6,376,0
1,377,0
2,377,0
3,377,0
4,377,0
5,377,0
6,377,0
1,378,0
2,378,0
3,378,0
4,378,0
5,378,0
6,378,0
1,379,0
2,379,0
3,379,0
4,379,0
5,379,0
6,379,0
1,380,0
2,380,0
3,380,0
4,380,0
5,380,1
6,380,0.107831196062221
1,381,0
2,381,0
3,381,0
4,381,0
5,381,1.5
6,381,0.263122892950009
1,382,0
2,382,0
3,382,0
4,382,0
5,382,1
6,382,0.591375334478112
1,383,0
2,383,0
3,383,0
4,383,0
5,383,0
6,383,0
1,384,0
2,384,0
3,384,0
4,384,0
5,384,1
6,384,0.0173586377636447
1,385,0
2,385,0
3,385,0
4,385,0
5,385,1
6,385,0.0242991026043567
1,386,0
2,386,0
3,386,0
4,386,0
5,386,0
6,386,0
1,387,0
2,387,0
3,387,0
4,387,0
5,387,0
6,387,0
1,388,0
2,388,0
3,388,0
4,388,0
5,388,2
6,388,0.0568193776908448
1,389,0
2,389,0
3,389,0
4,389,0
5,389,1
6,389,0.0602809722735121
1,390,6
2,390,2.42034594283554e-09
3,390,1
4,390,4.62914126525695e-18
5,390,0
6,390,0
1,391,0
2,391,0
3,391,0
4,391,0
5,391,0
6,391,0
1,392,0
2,392,0
3,392,0
4,392,0
5,392,1
6,392,0.0304243796638098
1,393,0
2,393,0
3,393,0
4,393,0
5,393,0
6,393,0
1,394,0
2,394,0
3,394,0
4,394,0
5,394,1
6,394,0.050427088416745
1,395,0
2,395,0
3,395,0
4,395,0
5,395,1.5
6,395,0.313609861860656
1,396,0
2,396,0
3,396,0
4,396,0
5,396,1
6,396,0.116052852649373
1,397,0
2,397,0
3,397,0
4,397,0
5,397,0
6,397,0
1,398,0
2,398,0
3,398,0
4,398,0
5,398,1
6,398,0.0259087606649966
1,399,0
2,399,0
3,399,0
4,399,0
5,399,1.5
6,399,0.0542269134660752
1,400,0
2,400,0
3,400,0
4,400,0
5,400,1
6,400,0.0529926082368257
1,401,0
2,401,0
3,401,0
4,401,0
5,401,1
6,401,0.0227762562186894
1,402,0
2,402,0
3,402,0
4,402,0
5,402,10.5
6,402,0.321389829648262
1,403,1
2,403,1.06483322094366e-10
3,403,0
4,403,0
5,403,5
6,403,0.27072077073949
1,404,0
2,404,0
3,404,0
4,404,0
5,404,2
6,404,0.0231912189514161
1,405,0
2,405,0
3,405,0
4,405,0
5,405,1
6,405,0.00652343411559119
1,406,0
2,406,0
3,406,0
4,406,0
5,406,1
6,406,0.0127602238693599
1,407,0
2,407,0
3,407,0
4,407,0
5,407,0
6,407,0
1,408,0
2,408,0
3,408,0
4,408,0
5,408,2
6,408,0.320066161521759
1,409,0
2,409,0
3,409,0
4,409,0
5,409,1
6,409,0.21733828844897
1,410,0
2,410,0
3,410,0
4,410,0
5,410,2
6,410,0.0499283978000919
1,411,0
2,411,0
3,411,0
4,411,0
5,411,0
6,411,0
1,412,0
2,412,0
3,412,0
4,412,0
5,412,2
6,412,0.0346509123011753
1,413,0
2,413,0
3,413,0
4,413,0
5,413,1.5
6,413,0.0788712406167169
1,414,0
2,414,0
3,414,0
4,414,0
5,414,7
6,414,0.151209211099094
1,415,0
2,415,0
3,415,0
4,415,0
5,415,2.5
6,415,0.0765842244565138
1,416,5
2,416,1.04165813784396e-07
3,416,1.5
4,416,1.13355694704139e-07
5,416,1.5
6,416,0.152493283353967
1,417,2
2,417,6.89946337150039e-09
3,417,0
4,417,0
5,417,9
6,417,0.232851065947177
1,418,1
2,418,1.29826178167043e-10
3,418,0
4,418,0
5,418,1.5
6,418,0.16924776806778
1,419,0
2,419,0
3,419,0
4,419,0
5,419,1
6,419,0.0145447392427628
1,420,0
2,420,0
3,420,0
4,420,0
5,420,0
6,420,0
1,421,0
2,421,0
3,421,0
4,421,0
5,421,0
6,421,0
1,422,0
2,422,0
3,422,0
4,422,0
5,422,0
6,422,0
1,423,0
2,423,0
3,423,0
4,423,0
5,423,0
6,423,0
1,424,0
2,424,0
3,424,0
4,424,0
5,424,1
6,424,0.0382351975902506
1,425,0
2,425,0
3,425,0
4,425,0
5,425,1
6,425,0.0190385750504824
1,426,0
2,426,0
3,426,0
4,426,0
5,426,0
6,426,0
1,427,0
2,427,0
3,427,0
4,427,0
5,427,1
6,427,0.0347935756136466
1,428,0
2,428,0
3,428,1
4,428,7.34485277484283e-08
5,428,3
6,428,0.0288699257217563
1,429,0
2,429,0
3,429,0
4,429,0
5,429,3
6,429,0.119053832966964
1,430,0
2,430,0
3,430,2
4,430,4.39347130007978e-08
5,430,1.5
6,430,0.0661561349744348
1,431,0
2,431,0
3,431,1
4,431,9.56107690389836e-08
5,431,5
6,431,0.0320817832815666
1,432,8.5
2,432,5.31699068511593e-18
3,432,0
4,432,0
5,432,0
6,432,0
1,433,0
2,433,0
3,433,0
4,433,0
5,433,1
6,433,0.0202875238111994
1,434,0
2,434,0
3,434,0
4,434,0
5,434,1
6,434,0.0134214379946654
1,435,0
2,435,0
3,435,0
4,435,0
5,435,1
6,435,0.0287250914718982
1,436,0
2,436,0
3,436,0
4,436,0
5,436,2
6,436,0.0257863119450275
1,437,0
2,437,0
3,437,0
4,437,0
5,437,1
6,437,0.0179560582085388
1,438,0
2,438,0
3,438,0
4,438,0
5,438,0
6,438,0
1,439,0
2,439,0
3,439,0
4,439,0
5,439,0
6,439,0
1,440,0
2,440,0
3,440,0
4,440,0
5,440,0
6,440,0
1,441,1
2,441,2.62850713704939e-06
3,441,2
4,441,2.70411948374685e-08
5,441,0
6,441,0
1,442,0
2,442,0
3,442,5
4,442,9.90784000108603e-08
5,442,1
6,442,0.0172843801722006
1,443,4.5
2,443,2.93333571731783e-06
3,443,2.5
4,443,5.07954751697486e-08
5,443,1.5
6,443,0.0543561843859762
1,444,0
2,444,0
3,444,1
4,444,9.84609089542387e-10
5,444,3
6,444,0.0792320460847354
1,445,0
2,445,0
3,445,0
4,445,0
5,445,4
6,445,0.0430329760800082
1,446,0
2,446,0
3,446,0
4,446,0
5,446,1
6,446,0.0926504852487164
1,447,0
2,447,0
3,447,0
4,447,0
5,447,2
6,447,0.0682872981038977
1,448,0
2,448,0
3,448,0
4,448,0
5,448,1
6,448,0.0299578973070493
1,449,0
2,449,0
3,449,0
4,449,0
5,449,0
6,449,0
1,450,0
2,450,0
3,450,0
4,450,0
5,450,0
6,450,0
1,451,0
2,451,0
3,451,0
4,451,0
5,451,0
6,451,0
1,452,2
2,452,1.12504651522077e-06
3,452,0
4,452,0
5,452,0
6,452,0
1,453,10.5
2,453,3.02219831570304e-07
3,453,2.5
4,453,9.35938848979826e-09
5,453,16
6,453,0.0851542135769186
1,454,2
2,454,0.0274721010389632
3,454,0
4,454,0
5,454,2.5
6,454,0.0402815284720935
1,455,0
2,455,0
3,455,0
4,455,0
5,455,1.5
6,455,0.0600436799460113
1,456,0
2,456,0
3,456,0
4,456,0
5,456,0
6,456,0
1,457,0
2,457,0
3,457,0
4,457,0
5,457,5.5
6,457,0.123390309876433
1,458,0
2,458,0
3,458,0
4,458,0
5,458,2
6,458,0.0470125156330967
1,459,0
2,459,0
3,459,0
4,459,0
5,459,0
6,459,0
1,460,0
2,460,0
3,460,0
4,460,0
5,460,1
6,460,0.0151555594074845
1,461,0
2,461,0
3,461,0
4,461,0
5,461,0
6,461,0
1,462,0
2,462,0
3,462,0
4,462,0
5,462,0
6,462,0
1,463,1
2,463,0.000166986203239137
3,463,0
4,463,0
5,463,0
6,463,0
1,464,4.5
2,464,3.88946725550136e-06
3,464,0
4,464,0
5,464,0
6,464,0
1,465,1
2,465,0.037607249392337
3,465,0
4,465,0
5,465,0
6,465,0
1,466,4.5
2,466,0.0206878061862885
3,466,1
4,466,1.93268284196435e-09
5,466,0
6,466,0
1,467,0
2,467,0
3,467,0
4,467,0
5,467,3
6,467,0.0740387854878518
1,468,0
2,468,0
3,468,0
4,468,0
5,468,0
6,468,0
1,469,0
2,469,0
3,469,2
4,469,4.93338000485097e-09
5,469,0
6,469,0
1,470,0
2,470,0
3,470,0
4,470,0
5,470,2
6,470,0.0650122364030651
1,471,0
2,471,0
3,471,0
4,471,0
5,471,1
6,471,0.0548898180536189
1,472,0
2,472,0
3,472,0
4,472,0
5,472,1
6,472,0.0237871929515407
1,473,0
2,473,0
3,473,0
4,473,0
5,473,0
6,473,0
1,474,0
2,474,0
3,474,0
4,474,0
5,474,1
6,474,0.0380664506183654
1,475,0
2,475,0
3,475,0
4,475,0
5,475,0
6,475,0
1,476,0
2,476,0
3,476,0
4,476,0
5,476,0
6,476,0
1,477,1
2,477,9.08422225086833e-05
3,477,1
4,477,7.40662602441112e-18
5,477,0
6,477,0
1,478,3
2,478,1.58914788705666e-05
3,478,0
4,478,0
5,478,0
6,478,0
1,479,27.5
2,479,2.99340804027734e-18
3,479,0
4,479,0
5,479,0
6,479,0
1,480,2
2,480,0.0515391372572689
3,480,1
4,480,7.93790891956556e-10
5,480,0
6,480,0
1,481,2
2,481,0.0435534448231813
3,481,3
4,481,4.44397561464667e-17
5,481,0
6,481,0
1,482,0
2,482,0
3,482,2
4,482,2.83829196069406e-09
5,482,0
6,482,0
1,483,0
2,483,0
3,483,3
4,483,2.22198780732334e-17
5,483,0
6,483,0
1,484,0
2,484,0
3,484,1
4,484,4.18403517660061e-09
5,484,0
6,484,0
1,485,0
2,485,0
3,485,0
4,485,0
5,485,4
6,485,0.0626103582673514
1,486,0
2,486,0
3,486,0
4,486,0
5,486,5
6,486,0.0907932251009776
1,487,0
2,487,0
3,487,0
4,487,0
5,487,0
6,487,0
1,488,0
2,488,0
3,488,0
4,488,0
5,488,0
6,488,0
1,489,0
2,489,0
3,489,0
4,489,0
5,489,1.5
6,489,0.0588809436427391
1,490,0
2,490,0
3,490,0
4,490,0
5,490,0
6,490,0
1,491,0
2,491,0
3,491,0
4,491,0
5,491,0
6,491,0
1,492,2
2,492,7.96285497309361e-06
3,492,0
4,492,0
5,492,0
6,492,0
1,493,3
2,493,0.0561694489901861
3,493,0
4,493,0
5,493,0
6,493,0
1,494,1
2,494,0.065099564011771
3,494,1
4,494,2.15770783657644e-09
5,494,0
6,494,0
1,495,0
2,495,0
3,495,0
4,495,0
5,495,0
6,495,0
1,496,0
2,496,0
3,496,4
4,496,3.70331301220556e-18
5,496,0
6,496,0
1,497,0
2,497,0
3,497,1
4,497,4.44397561464667e-17
5,497,0
6,497,0
1,498,0
2,498,0
3,498,1
4,498,3.01265865000332e-09
5,498,0
6,498,0
1,499,0
2,499,0
3,499,0
4,499,0
5,499,1.5
6,499,0.0732497391884641
1,500,0
2,500,0
3,500,0
4,500,0
5,500,1.5
6,500,0.0582775081084046
1,501,0
2,501,0
3,501,0
4,501,0
5,501,1
6,501,0.0156841104085262
1,502,0
2,502,0
3,502,0
4,502,0
5,502,2
6,502,0.109676009521025
1,503,0
2,503,0
3,503,0
4,503,0
5,503,0
6,503,0
1,504,0
2,504,0
3,504,1
4,504,6.89861469740257e-08
5,504,2.5
6,504,0.0566088481389359
1,505,1
2,505,1.22970478856108e-06
3,505,2
4,505,1.09103401147863e-08
5,505,3
6,505,0.0631456745719462
1,506,2
2,506,0.0713579063725269
3,506,1
4,506,7.40662602441112e-18
5,506,0
6,506,0
1,507,3
2,507,0.0516697255375383
3,507,1
4,507,8.29102801589824e-10
5,507,0
6,507,0
1,508,0
2,508,0
3,508,1
4,508,1.03906677523009e-09
5,508,0
6,508,0
1,509,0
2,509,0
3,509,1
4,509,2.59231910854389e-17
5,509,0
6,509,0
1,510,0
2,510,0
3,510,0
4,510,0
5,510,0
6,510,0
1,511,0
2,511,0
3,511,0
4,511,0
5,511,0
6,511,0
1,512,0
2,512,0
3,512,0
4,512,0
5,512,2
6,512,0.0686850400584191
1,513,0
2,513,0
3,513,0
4,513,0
5,513,5
6,513,0.0971172549617088
1,514,0
2,514,0
3,514,0
4,514,0
5,514,3
6,514,0.0541963983857935
1,515,0
2,515,0
3,515,0
4,515,0
5,515,0
6,515,0
1,516,0
2,516,0
3,516,0
4,516,0
5,516,2
6,516,0.0910994939474968
1,517,2
2,517,7.6851597988852e-05
3,517,0
4,517,0
5,517,0
6,517,0
1,518,9.5
2,518,5.11339523603862e-05
3,518,10
4,518,3.51523018855801e-08
5,518,2
6,518,0.0297820636008665
1,519,0
2,519,0
3,519,2
4,519,5.55496951830834e-18
5,519,5
6,519,0.0410750803486635
1,520,3
2,520,0.133904536034525
3,520,0
4,520,0
5,520,0
6,520,0
1,521,1.5
2,521,0.0512904664571407
3,521,0
4,521,0
5,521,0
6,521,0
1,522,0
2,522,0
3,522,0
4,522,0
5,522,0
6,522,0
1,523,0
2,523,0
3,523,0
4,523,0
5,523,0
6,523,0
1,524,0
2,524,0
3,524,1
4,524,5.18463821708779e-17
5,524,0
6,524,0
1,525,0
2,525,0
3,525,0
4,525,0
5,525,1
6,525,0.16711383731437
1,526,0
2,526,0
3,526,0
4,526,0
5,526,1.5
6,526,0.0677768010478269
1,527,0
2,527,0
3,527,0
4,527,0
5,527,1
6,527,0.0412390807764449
1,528,0
2,528,0
3,528,0
4,528,0
5,528,2.5
6,528,0.116749461279825
1,529,0
2,529,0
3,529,1
4,529,2.59231910854389e-17
5,529,2
6,529,0.103740572615235
1,530,0
2,530,0
3,530,1
4,530,1.78001778208412e-08
5,530,0
6,530,0
1,531,1
2,531,1.45800476424146e-06
3,531,0
4,531,0
5,531,0
6,531,0
1,532,2
2,532,2.84082881140059e-05
3,532,0
4,532,0
5,532,0
6,532,0
1,533,0
2,533,0
3,533,0
4,533,0
5,533,2
6,533,4.6474564546794e-19
1,534,1
2,534,0.0340863469883231
3,534,0
4,534,0
5,534,0
6,534,0
1,535,2
2,535,0.0302445875013695
3,535,1
4,535,1.29615955427195e-17
5,535,0
6,535,0
1,536,0
2,536,0
3,536,1
4,536,3.50639187692309e-09
5,536,0
6,536,0
1,537,0
2,537,0
3,537,1
4,537,3.54576909771163e-09
5,537,0
6,537,0
1,538,0
2,538,0
3,538,0
4,538,0
5,538,3
6,538,0.158883264445319
1,539,0
2,539,0
3,539,0
4,539,0
5,539,3
6,539,0.134518528900143
1,540,0
2,540,0
3,540,0
4,540,0
5,540,1
6,540,0.181076155669111
1,541,0
2,541,0
3,541,0
4,541,0
5,541,2
6,541,0.165356302859739
1,542,0
2,542,0
3,542,2
4,542,2.64269905179535e-08
5,542,2
6,542,0.143988094467571
1,543,2
2,543,1.33696254978759e-06
3,543,0
4,543,0
5,543,0
6,543,0
1,544,1
2,544,9.08667889281661e-07
3,544,0
4,544,0
5,544,0
6,544,0
1,545,1
2,545,0.000144543240223846
3,545,1
4,545,6.48079777135973e-18
5,545,2
6,545,0.000106279705550203
1,546,70
2,546,1
3,546,0
4,546,0
5,546,0
6,546,0
1,547,1.5
2,547,0.12068640053451
3,547,0
4,547,0
5,547,0
6,547,0
1,548,1
2,548,0.0520226098872941
3,548,0
4,548,0
5,548,0
6,548,0
1,549,0
2,549,0
3,549,1.5
4,549,1.5595485278514e-09
5,549,0
6,549,0
1,550,0
2,550,0
3,550,1
4,550,5.84301320199136e-09
5,550,0
6,550,0
1,551,0
2,551,0
3,551,0
4,551,0
5,551,3.5
6,551,0.0935534875408104
1,552,0
2,552,0
3,552,0
4,552,0
5,552,4
6,552,0.135203722469451
1,553,0
2,553,0
3,553,0
4,553,0
5,553,3
6,553,0.223612968227422
1,554,0
2,554,0
3,554,1
4,554,1.48132520488222e-17
5,554,1
6,554,0.0884982211146978
1,555,1
2,555,4.94089659474704e-05
3,555,1
4,555,1.44831657178511e-08
5,555,1
6,555,0.0729600017692111
1,556,2
2,556,0.00388592065171428
3,556,1
4,556,2.59231910854389e-17
5,556,0
6,556,0
1,557,7
2,557,8.11810703463794e-06
3,557,3
4,557,4.23362267361313e-09
5,557,0
6,557,0
1,558,13.5
2,558,0.459597644617177
3,558,0
4,558,0
5,558,0
6,558,0
1,559,4.5
2,559,0.236358735386514
3,559,0
4,559,0
5,559,0
6,559,0
1,560,2.5
2,560,0.078843860742379
3,560,0
4,560,0
5,560,0
6,560,0
1,561,1
2,561,0.0477412008323543
3,561,2
4,561,6.66596342197001e-17
5,561,0
6,561,0
1,562,0
2,562,0
3,562,1
4,562,7.40662602441112e-17
5,562,0
6,562,0
1,563,0
2,563,0
3,563,0
4,563,0
5,563,1
6,563,0.0462507459079751
1,564,0
2,564,0
3,564,0
4,564,0
5,564,0
6,564,0
1,565,0
2,565,0
3,565,0
4,565,0
5,565,8.5
6,565,0.593227723412177
1,566,0
2,566,0
3,566,1
4,566,2.22198780732334e-17
5,566,2
6,566,0.0621037816143818
1,567,2
2,567,6.2728272629832e-06
3,567,2.5
4,567,9.88068242660558e-09
5,567,0
6,567,0
1,568,4
2,568,0.00119164111520706
3,568,1.5
4,568,8.14684269524944e-09
5,568,0
6,568,0
1,569,12.5
2,569,1.05073370963281e-05
3,569,5
4,569,1.75177670077284e-09
5,569,0
6,569,0
1,570,32.5
2,570,6.04879179879818e-07
3,570,13.5
4,570,2.43738380731782e-10
5,570,0
6,570,0
1,571,0
2,571,0
3,571,0
4,571,0
5,571,2
6,571,0.000222517065694043
1,572,3
2,572,0.182985505573659
3,572,0
4,572,0
5,572,0
6,572,0
1,573,3
2,573,0.0886850760615703
3,573,0
4,573,0
5,573,0
6,573,0
1,574,1.5
2,574,0.0392804269410898
3,574,1
4,574,3.90721967905002e-09
5,574,0
6,574,0
1,575,0
2,575,0
3,575,2
4,575,2.46285066875013e-09
5,575,0
6,575,0
1,576,0
2,576,0
3,576,3
4,576,1.333192684394e-16
5,576,0
6,576,0
1,577,0
2,577,0
3,577,0
4,577,0
5,577,1.5
6,577,0.112438648158073
1,578,0
2,578,0
3,578,0
4,578,0
5,578,4
6,578,0.738938314903352
1,579,0
2,579,0
3,579,0
4,579,0
5,579,2.5
6,579,0.0734598171260419
1,580,5
2,580,0.00188049569002891
3,580,1.5
4,580,1.51342961593333e-08
5,580,0
6,580,0
1,581,4
2,581,1.39954829499747e-17
3,581,0
4,581,0
5,581,0
6,581,0
1,582,0
2,582,0
3,582,0
4,582,0
5,582,1
6,582,0.000107872264081795
1,583,7.5
2,583,0.000120483548674579
3,583,0
4,583,0
5,583,1
6,583,0
1,584,16
2,584,0.410405556925004
3,584,0
4,584,0
5,584,0
6,584,0
1,585,6.5
2,585,0.117734953564193
3,585,0
4,585,0
5,585,0
6,585,0
1,586,1
2,586,0.0367689413425989
3,586,0
4,586,0
5,586,0
6,586,0
1,587,4.5
2,587,0.0387688425109369
3,587,1.5
4,587,3.19407876041128e-09
5,587,0
6,587,0
1,588,0
2,588,0
3,588,2.5
4,588,4.12031224913331e-09
5,588,0
6,588,0
1,589,0
2,589,0
3,589,0
4,589,0
5,589,0
6,589,0
1,590,0
2,590,0
3,590,0
4,590,0
5,590,2
6,590,0.058429053218213
1,591,0
2,591,0
3,591,1
4,591,3.52036823777093e-09
5,591,1
6,591,0.202612310301129
1,592,1
2,592,0.00459993548953175
3,592,1
4,592,2.90297138344634e-09
5,592,0
6,592,0
1,593,9
2,593,9.27257471189238e-18
3,593,0
4,593,0
5,593,0
6,593,0
1,594,6
2,594,0.17566965627782
3,594,0
4,594,0
5,594,0
6,594,0
1,595,1
2,595,0.059015860989936
3,595,0
4,595,0
5,595,0
6,595,0
1,596,2
2,596,0.03958280068948
3,596,1
4,596,1.333192684394e-16
5,596,0
6,596,0
1,597,0
2,597,0
3,597,1
4,597,1.333192684394e-16
5,597,0
6,597,0
1,598,0
2,598,0
3,598,1
4,598,5.06972466587026e-09
5,598,0
6,598,0
1,599,0
2,599,0
3,599,0
4,599,0
5,599,1
6,599,0.0178788008294862
1,600,0
2,600,0
3,600,0
4,600,0
5,600,1
6,600,0.269458122594274
1,601,2.5
2,601,0.00088630079706497
3,601,1
4,601,7.0637186700891e-09
5,601,0
6,601,0
1,602,27.5
2,602,0.462323373433527
3,602,0
4,602,0
5,602,0
6,602,0
1,603,5.5
2,603,0.117230745162626
3,603,0
4,603,0
5,603,0
6,603,0
1,604,7
2,604,0.111562179443168
3,604,0
4,604,0
5,604,0
6,604,0
1,605,12
2,605,0.0840986857126311
3,605,2
4,605,1.18506016390578e-16
5,605,0
6,605,0
1,606,0
2,606,0
3,606,0
4,606,0
5,606,0
6,606,0
1,607,0
2,607,0
3,607,2
4,607,4.79363402413695e-09
5,607,0
6,607,0
1,608,0
2,608,0
3,608,0
4,608,0
5,608,1
6,608,0.00637537800196853
1,609,0
2,609,0
3,609,0
4,609,0
5,609,0
6,609,0
1,610,0
2,610,0
3,610,2
4,610,2.77748475915417e-18
5,610,0
6,610,0
1,611,31
2,611,6.17781688690685e-05
3,611,0
4,611,0
5,611,0
6,611,0
1,612,18
2,612,0.353551771579145
3,612,0
4,612,0
5,612,0
6,612,0
1,613,2.5
2,613,0.12100174535742
3,613,0
4,613,0
5,613,0
6,613,0
1,614,11
2,614,0.176487063816791
3,614,0
4,614,0
5,614,0
6,614,0
1,615,5
2,615,0.0876449126016431
3,615,2.5
4,615,4.34450645866801e-09
5,615,0
6,615,0
1,616,0
2,616,0
3,616,2.5
4,616,4.86473202949622e-09
5,616,0
6,616,0
1,617,0
2,617,0
3,617,0
4,617,0
5,617,0
6,617,0
1,618,0
2,618,0
3,618,1
4,618,5.9253008195289e-17
5,618,4
6,618,0.132093401551131
1,619,2
2,619,0.00234026066125962
3,619,2.5
4,619,4.82180676921296e-09
5,619,1
6,619,0.198528906077806
1,620,5
2,620,0.000562840799792906
3,620,0
4,620,0
5,620,0
6,620,0
1,621,0
2,621,0
3,621,2
4,621,1.85165650610278e-18
5,621,0
6,621,0
1,622,7.5
2,622,0.232741946450378
3,622,0
4,622,0
5,622,0
6,622,0
1,623,2
2,623,0.155793474071895
3,623,0
4,623,0
5,623,0
6,623,0
1,624,3.5
2,624,0.129798044823989
3,624,1.5
4,624,2.556488196682e-09
5,624,0
6,624,0
1,625,0
2,625,0
3,625,2.5
4,625,6.90590021123572e-09
5,625,0
6,625,0
1,626,0
2,626,0
3,626,3
4,626,1.03692764341756e-16
5,626,0
6,626,0
1,627,0
2,627,0
3,627,1
4,627,3.31232978798913e-09
5,627,1.5
6,627,0.274083146341164
1,628,1
2,628,0.010674871976966
3,628,0
4,628,0
5,628,1.5
6,628,0.10352904566175
1,629,0
2,629,0
3,629,0
4,629,0
5,629,1
6,629,3.40753732153385e-18
1,630,7
2,630,0.190623227414086
3,630,0
4,630,0
5,630,0
6,630,0
1,631,6
2,631,0.248077173761438
3,631,0
4,631,0
5,631,0
6,631,0
1,632,2
2,632,0.172190465028911
3,632,0
4,632,0
5,632,0
6,632,0
1,633,0
2,633,0
3,633,2
4,633,4.13890073619814e-09
5,633,0
6,633,0
1,634,0
2,634,0
3,634,2
4,634,3.91419405453697e-09
5,634,0
6,634,0
1,635,0
2,635,0
3,635,0
4,635,0
5,635,0
6,635,0
1,636,1
2,636,0.00446136257794852
3,636,0
4,636,0
5,636,0
6,636,0
1,637,0
2,637,0
3,637,0
4,637,0
5,637,0
6,637,0
1,638,11
2,638,0.122880160305279
3,638,0
4,638,0
5,638,0
6,638,0
1,639,3
2,639,0.284191227355569
3,639,0
4,639,0
5,639,0
6,639,0
1,640,1
2,640,0.0983493034242084
3,640,0
4,640,0
5,640,0
6,640,0
1,641,0
2,641,0
3,641,1
4,641,3.66263584415855e-09
5,641,0
6,641,0
1,642,0
2,642,0
3,642,3
4,642,2.51825284829978e-16
5,642,0
6,642,0
1,643,0
2,643,0
3,643,2
4,643,2.90386133794457e-09
5,643,0
6,643,0
1,644,0
2,644,0
3,644,1
4,644,1.0873831809792e-11
5,644,0
6,644,0
1,645,1
2,645,0.000516311240489251
3,645,0
4,645,0
5,645,0
6,645,0
1,646,2
2,646,0.160599464425923
3,646,0
4,646,0
5,646,0
6,646,0
1,647,1
2,647,0.179515914862638
3,647,0
4,647,0
5,647,0
6,647,0
1,648,0
2,648,0
3,648,0
4,648,0
5,648,0
6,648,0
1,649,0
2,649,0
3,649,0
4,649,0
5,649,0
6,649,0
1,650,0
2,650,0
3,650,1.5
4,650,3.31984007318113e-09
5,650,0
6,650,0
1,651,0
2,651,0
3,651,0
4,651,0
5,651,0
6,651,0
1,652,0
2,652,0
3,652,0
4,652,0
5,652,0
6,652,0
1,653,1
2,653,0.000336171820047355
3,653,0
4,653,0
5,653,0
6,653,0
1,654,1.5
2,654,0.0135737182001394
3,654,1
4,654,1.47507088827561e-10
5,654,0
6,654,0
1,655,0
2,655,0
3,655,0
4,655,0
5,655,0
6,655,0
1,656,1.5
2,656,0.00982214301636045
3,656,0
4,656,0
5,656,0
6,656,0
1,657,2
2,657,0.00580908648278858
3,657,0
4,657,0
5,657,0
6,657,0
1,658,3
2,658,0.0883844448816837
3,658,0
4,658,0
5,658,0
6,658,0
1,659,0
2,659,0
3,659,0
4,659,0
5,659,0
6,659,0
1,660,0
2,660,0
3,660,0
4,660,0
5,660,0
6,660,0
1,661,0
2,661,0
3,661,0
4,661,0
5,661,0
6,661,0
1,662,1
2,662,0.0150424752949025
3,662,1
4,662,7.40662602441112e-17
5,662,0
6,662,0
1,663,1
2,663,0.000212565170231918
3,663,0
4,663,0
5,663,0
6,663,0
1,664,0
2,664,0
3,664,0
4,664,0
5,664,0
6,664,0
1,665,0
2,665,0
3,665,1
4,665,4.40344515572042e-11
5,665,0
6,665,0
1,666,1
2,666,0.00175748243611222
3,666,0
4,666,0
5,666,0
6,666,0
1,667,2
2,667,0.00586066856942624
3,667,0
4,667,0
5,667,0
6,667,0
1,668,3
2,668,0.00737386572886309
3,668,0
4,668,0
5,668,0
6,668,0
1,669,0
2,669,0
3,669,0
4,669,0
5,669,0
6,669,0
1,670,0
2,670,0
3,670,0
4,670,0
5,670,1
6,670,0.00359770887792168
1,671,0
2,671,0
3,671,0
4,671,0
5,671,0
6,671,0
1,672,0
2,672,0
3,672,0
4,672,0
5,672,0
6,672,0
1,673,0
2,673,0
3,673,1
4,673,1.11099390366167e-17
5,673,1
6,673,0.000424879995863989
1,674,0
2,674,0
3,674,0
4,674,0
5,674,0
6,674,0
1,675,1
2,675,0.0174229352547578
3,675,0
4,675,0
5,675,0
6,675,0
1,676,1.5
2,676,0.0352520698832629
3,676,0
4,676,0
5,676,0
6,676,0
1,677,0
2,677,0
3,677,1
4,677,9.2582825305139e-18
5,677,0
6,677,0
1,678,0
2,678,0
3,678,0
4,678,0
5,678,0
6,678,0
1,679,0
2,679,0
3,679,0
4,679,0
5,679,0
6,679,0
1,680,1
2,680,0.00338893308703159
3,680,1
4,680,2.4953427595904e-09
5,680,0
6,680,0
1,681,1
2,681,0.00014493416921214
3,681,0
4,681,0
5,681,0
6,681,0
1,682,0
2,682,0
3,682,0
4,682,0
5,682,0
6,682,0
1,683,0
2,683,0
3,683,0
4,683,0
5,683,1
6,683,0.0166191568111699
1,684,0
2,684,0
3,684,0
4,684,0
5,684,3
6,684,0.0329863097473429
1,685,0
2,685,0
3,685,0
4,685,0
5,685,2
6,685,0.000764871468141075
1,686,0
2,686,0
3,686,0
4,686,0
5,686,2
6,686,0.0227514466882113
1,687,0
2,687,0
3,687,0
4,687,0
5,687,2.5
6,687,0.0325591984532277
1,688,0
2,688,0
3,688,0
4,688,0
5,688,3
6,688,0.0168251096455221
1,689,0
2,689,0
3,689,0
4,689,0
5,689,2.5
6,689,0.0156583741227035
1,690,2
2,690,0.00785565802602487
3,690,0
4,690,0
5,690,0
6,690,0
1,691,0
2,691,0
3,691,0
4,691,0
5,691,0
6,691,0
1,692,0
2,692,0
3,692,0
4,692,0
5,692,0
6,692,0
1,693,0
2,693,0
3,693,0
4,693,0
5,693,0
6,693,0
1,694,1
2,694,0.00825041285516913
3,694,0
4,694,0
5,694,0
6,694,0
1,695,4
2,695,0.0145002018779308
3,695,1
4,695,1.93323086273044e-09
5,695,0
6,695,0
1,696,2
2,696,0.00727478493981549
3,696,0
4,696,0
5,696,0
6,696,0
1,697,0
2,697,0
3,697,0
4,697,0
5,697,1
6,697,5.30851859121887e-08
1,698,0
2,698,0
3,698,0
4,698,0
5,698,1
6,698,0.0335313159554016
1,699,0
2,699,0
3,699,0
4,699,0
5,699,6
6,699,0.0435720091951382
1,700,0
2,700,0
3,700,0
4,700,0
5,700,1.5
6,700,0.0233855229474531
1,701,0
2,701,0
3,701,0
4,701,0
5,701,1.5
6,701,0.0205552771061261
1,702,0
2,702,0
3,702,0
4,702,0
5,702,3.5
6,702,0.0305118015138041
1,703,0
2,703,0
3,703,0
4,703,0
5,703,5
6,703,0.0321536415247306
1,704,0
2,704,0
3,704,0
4,704,0
5,704,1
6,704,0.0802911647689399
1,705,0
2,705,0
3,705,0
4,705,0
5,705,0
6,705,0
1,706,0
2,706,0
3,706,1
4,706,3.65169950184312e-09
5,706,0
6,706,0
1,707,3.5
2,707,0.0100784518388934
3,707,1.5
4,707,1.34685790382057e-09
5,707,0
6,707,0
1,708,0
2,708,0
3,708,0
4,708,0
5,708,0
6,708,0
1,709,0
2,709,0
3,709,0
4,709,0
5,709,4
6,709,0.000745883395116159
1,710,0
2,710,0
3,710,0
4,710,0
5,710,1
6,710,0.0191793239171623
1,711,0
2,711,0
3,711,0
4,711,0
5,711,2.5
6,711,0.0617917758088814
1,712,0
2,712,0
3,712,0
4,712,0
5,712,0
6,712,0
1,713,2
2,713,0.0317113202720549
3,713,1
4,713,8.14728862685224e-17
5,713,0
6,713,0
1,714,6.5
2,714,0.0147268859157531
3,714,4
4,714,9.62861383173446e-17
5,714,0
6,714,0
1,715,5.5
2,715,0.00971203457044755
3,715,0
4,715,0
5,715,0
6,715,0
1,716,0
2,716,0
3,716,0
4,716,0
5,716,1.5
6,716,0.015200432113116
1,717,0
2,717,0
3,717,3
4,717,2.37012032781156e-16
5,717,7.5
6,717,0.0901215233725667
1,718,0
2,718,0
3,718,0
4,718,0
5,718,1
6,718,0.0130989785622411
1,719,0
2,719,0
3,719,0
4,719,0
5,719,0
6,719,0
1,720,0
2,720,0
3,720,2
4,720,1.85186161815879e-09
5,720,1.5
6,720,0.00550118666778689
1,721,0
2,721,0
3,721,0
4,721,0
5,721,0
6,721,0
1,722,0
2,722,0
3,722,0
4,722,0
5,722,1
6,722,0.00865678409757995
1,723,0
2,723,0
3,723,0
4,723,0
5,723,2.5
6,723,0.0105070486588217
1,724,0
2,724,0
3,724,0
4,724,0
5,724,1
6,724,0.000681442323221668
1,725,0
2,725,0
3,725,0
4,725,0
5,725,0
6,725,0
1,726,0
2,726,0
3,726,0
4,726,0
5,726,4
6,726,0.0621179577844742
1,727,0
2,727,0
3,727,0
4,727,0
5,727,1.5
6,727,0.0231807784556871
1,728,0
2,728,0
3,728,0
4,728,0
5,728,1.5
6,728,0.00969405803263202
1,729,0
2,729,0
3,729,4.5
4,729,1.53823983418934e-09
5,729,1.5
6,729,0.0104704833843125
1,730,0
2,730,0
3,730,2
4,730,2.2293413425912e-09
5,730,7
6,730,0.0362513802743686
1,731,6.5
2,731,0.000221845135077695
3,731,3.5
4,731,2.2179261840218e-10
5,731,0
6,731,0
