species,pu,amount
1,1,4
2,1,5.56345836691251e-05
1,2,2
2,2,3.04263533823688e-07
1,3,0
2,3,0
1,4,1
2,4,1.38476419191999e-05
1,5,1.33333333333333
2,5,1.25871880513772e-05
1,6,1
2,6,3.24312311278067e-06
1,7,1
2,7,6.03416212906608e-18
1,8,1
2,8,0
1,9,0
2,9,0
1,10,1
2,10,3.43453168235806e-05
1,11,0
2,11,0
1,12,0
2,12,0
1,13,1
2,13,2.39594368608184e-10
1,14,1.4
2,14,3.96599243867601e-05
1,15,2
2,15,3.44861233115203e-09
1,16,1
2,16,5.7726631705605e-07
1,17,1
2,17,7.83191537148056e-10
1,18,0
2,18,0
1,19,0
2,19,0
1,20,1
2,20,5.09767856275825e-08
1,21,0
2,21,0
1,22,1
2,22,1.40118192748569e-06
1,23,1
2,23,4.43937133388483e-05
1,24,1.5
2,24,4.12002868358131e-07
1,25,1
2,25,2.75601538174101e-05
1,26,1
2,26,2.75567173205759e-05
1,27,1
2,27,5.10466183419205e-08
1,28,1
2,28,2.84533716948189e-09
1,29,2.5
2,29,1.03739586073803e-05
1,30,1.33333333333333
2,30,2.33310476389069e-05
1,31,0
2,31,0
1,32,1
2,32,2.93843060286748e-05
1,33,0
2,33,0
1,34,0
2,34,0
1,35,2
2,35,0.000116122687661766
1,36,1
2,36,0
1,37,1
2,37,3.09626517531707e-06
1,38,2
2,38,1.41212103114523e-05
1,39,0
2,39,0
1,40,1
2,40,3.10328264196057e-05
1,41,0
2,41,0
1,42,1
2,42,3.8078473137444e-06
1,43,0
2,43,0
1,44,0
2,44,0
1,45,1
2,45,0
1,46,1.4
2,46,6.64851085076591e-05
1,47,0
2,47,0
1,48,1
2,48,1.30207507449077e-05
1,49,1.5
2,49,3.24319376123303e-05
1,50,2.4
2,50,3.61262446187457e-05
1,51,1
2,51,1.9441939079299e-05
1,52,0
2,52,0
1,53,0
2,53,0
1,54,0
2,54,0
1,55,0
2,55,0
1,56,1
2,56,7.62470145936257e-07
1,57,0
2,57,0
1,58,0
2,58,0
1,59,1
2,59,2.04233179753006e-17
1,60,1
2,60,6.04742402385523e-17
1,61,1
2,61,5.80864170658341e-05
1,62,1.5
2,62,4.37357246633992e-05
1,63,0
2,63,0
1,64,3.55555555555556
2,64,5.71319531297271e-05
1,65,1.83333333333333
2,65,1.95642626330252e-05
1,66,2
2,66,2.29930181098153e-05
1,67,1
2,67,8.64534191993639e-10
1,68,0
2,68,0
1,69,1
2,69,7.02795346359285e-07
1,70,1
2,70,1.19279496046149e-08
1,71,0
2,71,0
1,72,0
2,72,0
1,73,3.14285714285714
2,73,6.47306361808829e-05
1,74,1
2,74,9.20583943577368e-05
1,75,0
2,75,0
1,76,0
2,76,0
1,77,0
2,77,0
1,78,0
2,78,0
1,79,1
2,79,8.057257076627e-10
1,80,1.33333333333333
2,80,1.88013216209101e-06
1,81,1.875
2,81,4.56708503456951e-05
1,82,2.16666666666667
2,82,1.57878160140167e-06
1,83,1
2,83,4.61365806870386e-05
1,84,1
2,84,1.4853322163855e-17
1,85,0
2,85,0
1,86,0
2,86,0
1,87,1
2,87,5.96240130288253e-06
1,88,1.66666666666667
2,88,2.73275929091529e-05
1,89,2.25
2,89,3.94111431895209e-05
1,90,2.33333333333333
2,90,1.9402366462208e-06
1,91,1
2,91,6.95241398205847e-07
1,92,0
2,92,0
1,93,0
2,93,0
1,94,0
2,94,0
1,95,0
2,95,0
1,96,2.5
2,96,4.54690170296266e-06
1,97,1.5
2,97,1.8403955388332e-08
1,98,1.42857142857143
2,98,9.44304464261863e-06
1,99,1.66666666666667
2,99,2.41127400816994e-05
1,100,1.66666666666667
2,100,6.4434281219138e-05
1,101,1
2,101,4.15902481253954e-05
1,102,0
2,102,0
1,103,0
2,103,0
1,104,0
2,104,0
1,105,1
2,105,3.43307527291573e-07
1,106,1
2,106,5.47660618694512e-06
1,107,1.71428571428571
2,107,1.90048443230435e-05
1,108,1.25
2,108,2.6187059733489e-05
1,109,0
2,109,0
1,110,0
2,110,0
1,111,0
2,111,0
1,112,1.25
2,112,1.08328870827264e-08
1,113,0
2,113,0
1,114,1.5
2,114,2.74663633835657e-05
1,115,1.66666666666667
2,115,5.6586082248979e-07
1,116,0
2,116,0
1,117,0
2,117,0
1,118,3.5
2,118,5.91952241734018e-06
1,119,1
2,119,1.1145484887051e-05
1,120,1
2,120,6.92873810590788e-10
1,121,1.25
2,121,1.32217592872176e-05
1,122,0
2,122,0
1,123,0
2,123,0
1,124,0
2,124,0
1,125,1
2,125,1.02053628630705e-11
1,126,13.7
2,126,2.05958444350884e-05
1,127,1.66666666666667
2,127,2.08908256680223e-06
1,128,1.42857142857143
2,128,3.4834262962557e-07
1,129,0
2,129,0
1,130,1.2
2,130,1.00638546651699e-05
1,131,0
2,131,0
1,132,1
2,132,9.78404399216192e-16
1,133,0
2,133,0
1,134,4.66666666666667
2,134,7.89946774261973e-06
1,135,1
2,135,0.000193084958250458
1,136,0
2,136,0
1,137,0
2,137,0
1,138,1
2,138,5.20840196133502e-18
1,139,3.11111111111111
2,139,4.64904931399865e-08
1,140,1
2,140,7.34649764966531e-08
1,141,1.25
2,141,1.83144002119456e-10
1,142,0
2,142,0
1,143,0
2,143,0
1,144,1
2,144,2.55625629192303e-10
1,145,0
2,145,0
1,146,1
2,146,8.48605853676437e-18
1,147,1.2
2,147,3.04654591486595e-07
1,148,1
2,148,0
1,149,13.8
2,149,2.24184095334069e-06
1,150,2
2,150,6.47493043262506e-06
1,151,0
2,151,0
1,152,0
2,152,0
1,153,0
2,153,0
1,154,2.66666666666667
2,154,5.48474148450278e-07
1,155,2
2,155,0
1,156,0
2,156,0
1,157,0
2,157,0
1,158,1
2,158,2.10472933528554e-18
1,159,0
2,159,0
1,160,0
2,160,0
1,161,1
2,161,3.07207671650394e-05
1,162,0
2,162,0
1,163,1
2,163,2.48847712209618e-10
1,164,1
2,164,2.29773292232718e-10
1,165,0
2,165,0
1,166,3
2,166,0.000569367938658497
1,167,0
2,167,0
1,168,1
2,168,6.46710589106385e-09
1,169,2
2,169,0.000488500410055415
1,170,0
2,170,0
1,171,0
2,171,0
1,172,1
2,172,0.000846126286117968
1,173,1
2,173,0
1,174,1.66666666666667
2,174,0.000971288786428387
1,175,0
2,175,0
1,176,2
2,176,0.00917309143915637
1,177,1
2,177,0.0027706842641245
1,178,1
2,178,0.00186394723763442
1,179,1
2,179,0.00602930660584371
1,180,0
2,180,0
1,181,1.33333333333333
2,181,0.00702441442868181
1,182,1
2,182,0.00635247760439513
1,183,1
2,183,0.0141521385894906
1,184,0
2,184,0
1,185,0
2,185,0
1,186,1
2,186,0.0719986103751942
1,187,0
2,187,0
1,188,1
2,188,0.0107046778031372
1,189,1
2,189,0.0233401327942587
1,190,0
2,190,0
1,191,0
2,191,0
1,192,0
2,192,0
1,193,3.22222222222222
2,193,0.42564024660148
1,194,1.4
2,194,0.157933164378827
1,195,1
2,195,0.0531562561030683
1,196,1
2,196,0.0483168478746116
1,197,1
2,197,0.0447405310683777
1,198,1
2,198,0.00916072390807224
1,199,0
2,199,0
1,200,0
2,200,0
1,201,0
2,201,0
1,202,0
2,202,0
1,203,0
2,203,0
1,204,1
2,204,0.0848142555075054
1,205,1.66666666666667
2,205,0.133655362859499
1,206,1
2,206,0.0288501343092301
1,207,1.5
2,207,0.0845021988302857
1,208,1.33333333333333
2,208,0.0394772021806596
1,209,0
2,209,0
1,210,0
2,210,0
1,211,0
2,211,0
1,212,0
2,212,0
1,213,0
2,213,0
1,214,1
2,214,0.00390147890867825
1,215,0
2,215,0
1,216,0
2,216,0
1,217,0
2,217,0
1,218,1
2,218,0.131617066089619
1,219,1
2,219,0.0762738927678216
1,220,0
2,220,0
1,221,2.66666666666667
2,221,0.0962223759061106
1,222,1
2,222,0.20875247779003
1,223,1.5
2,223,0.0451841961584738
1,224,1
2,224,0.0132799370119324
1,225,0
2,225,0
1,226,0
2,226,0
1,227,1
2,227,0.0310934731015767
1,228,1
2,228,0.0319679768851815
1,229,1
2,229,0.112649250135663
1,230,1
2,230,0.0582082366462112
1,231,0
2,231,0
1,232,1
2,232,0.178157068388993
1,233,0
2,233,0
1,234,1.57142857142857
2,234,0.0905317685843246
1,235,1
2,235,0.115089994547751
1,236,1
2,236,0.0271000800401037
1,237,0
2,237,0
1,238,1
2,238,0.0276333813365262
1,239,1
2,239,0.046012105884457
1,240,3
2,240,0.176580617300082
1,241,1
2,241,0.0632989086603134
1,242,1
2,242,0.0692730179342243
1,243,0
2,243,0
1,244,0
2,244,0
1,245,2.125
2,245,0.128052735001037
1,246,1
2,246,0.0325519249381939
1,247,1.5
2,247,0.0519879388147216
1,248,1.5
2,248,0.0609260696984707
1,249,0
2,249,0
1,250,1
2,250,0.196440149534665
1,251,1
2,251,0.0780634153221908
1,252,1.33333333333333
2,252,0.00803213908616422
1,253,1.33333333333333
2,253,0.0136066520145628
1,254,0
2,254,0
1,255,1.5
2,255,0.0266477984548261
1,256,2
2,256,0.13906220152013
1,257,1.71428571428571
2,257,0.0991975721325774
1,258,1
2,258,0.07527682975383
1,259,0
2,259,0
1,260,1.25
2,260,0.0172887604242648
1,261,1
2,261,0.00068361212593656
1,262,0
2,262,0
1,263,1
2,263,0.05731862033144
1,264,1.5
2,264,0.0892014571599429
1,265,0
2,265,0
1,266,1.5
2,266,0.0278065353875774
1,267,1.2
2,267,0.00978979981468213
1,268,1
2,268,0.0424845027975845
1,269,2
2,269,0.0532444098564269
1,270,1.33333333333333
2,270,0.0800319059451157
1,271,1.5
2,271,0.144111620553574
1,272,1.5
2,272,0.175021401602649
1,273,1.4
2,273,0.134784617345924
1,274,0
2,274,0
1,275,1
2,275,0.048423911260876
1,276,1
2,276,0.0204601549103854
1,277,1.71428571428571
2,277,0.0306370905134023
1,278,1
2,278,0.00524656656360759
1,279,2
2,279,0.0311824790397705
1,280,1.5
2,280,0.0167212280186543
1,281,1
2,281,0.010458665156305
1,282,1
2,282,0.0107204013423132
1,283,1
2,283,0.0145556145046165
1,284,1.25
2,284,0.0269881508080597
1,285,1.8
2,285,0.0512988356629191
1,286,1
2,286,0.0399284527158125
1,287,2.88888888888889
2,287,0.135252908701345
1,288,1
2,288,0.0443646572196527
1,289,1
2,289,0.00837478258455688
1,290,2
2,290,0.0602053729510581
1,291,2
2,291,0.0189690599831254
1,292,1
2,292,0.00402506971085368
1,293,1
2,293,0.00239277571490054
1,294,0
2,294,0
1,295,0
2,295,0
1,296,0
2,296,0
1,297,1
2,297,0.0138199047040631
1,298,1.66666666666667
2,298,0.0999958421030945
1,299,4.44444444444444
2,299,0.139928272020841
1,300,1.33333333333333
2,300,0.0652003032474549
1,301,1
2,301,0.00608882409903788
1,302,1
2,302,0.20060476660306
1,303,0
2,303,0
1,304,1
2,304,0.00525625752447862
1,305,1
2,305,0.000660051244348971
1,306,1
2,306,0.000150347153364289
1,307,0
2,307,0
1,308,0
2,308,0
1,309,0
2,309,0
1,310,0
2,310,0
1,311,1
2,311,0.0754645427944541
1,312,1.25
2,312,0.109514860379384
1,313,0
2,313,0
1,314,2.5
2,314,0.0410236313246655
1,315,0
2,315,0
1,316,1
2,316,0.00879421578093224
1,317,2
2,317,0.0141887830362629
1,318,1
2,318,0.00824425478955087
1,319,1
2,319,0.0154473164336985
1,320,1
2,320,0
1,321,0
2,321,0
1,322,0
2,322,0
1,323,1
2,323,0.0307370785718598
1,324,2
2,324,0.0397379503582003
1,325,1
2,325,0.0626381087686861
1,326,1.8
2,326,0.37004935186369
1,327,1.66666666666667
2,327,0.503774725044156
1,328,1.33333333333333
2,328,0.24782245120247
1,329,1
2,329,0.0725950678703187
1,330,0
2,330,0
1,331,1
2,331,0.0173437210705423
1,332,1
2,332,0.00275682994273205
1,333,1
2,333,0.00503638983443948
1,334,0
2,334,0
1,335,0
2,335,0
1,336,1
2,336,0.0151464992877288
1,337,0
2,337,0
1,338,1.5
2,338,0.246520708425922
1,339,1.875
2,339,0.4460892919731
1,340,1.75
2,340,0.302654758067445
1,341,2.11111111111111
2,341,0.608804619461965
1,342,3.25
2,342,0.452791983990705
1,343,1
2,343,0.189330518943294
1,344,1
2,344,0.00563725110743477
1,345,0
2,345,0
1,346,0
2,346,0
1,347,2
2,347,0.0235972528812022
1,348,1
2,348,0.00434839018429282
1,349,1.33333333333333
2,349,0.0207174702955178
1,350,0
2,350,0
1,351,0
2,351,0
1,352,1.6
2,352,0.346765105764065
1,353,2.11111111111111
2,353,0.333703104127033
1,354,2
2,354,0.31636649218426
1,355,1.375
2,355,0.559287179447449
1,356,1
2,356,0.162192705603611
1,357,0
2,357,0
1,358,0
2,358,0
1,359,1
2,359,0.0053140068197834
1,360,1
2,360,0.00296276904147553
1,361,1.5
2,361,0.0345306969583476
1,362,1.33333333333333
2,362,0.0344326098959614
1,363,0
2,363,0
1,364,2
2,364,0.34800104552859
1,365,1.66666666666667
2,365,0.411990507421034
1,366,2.33333333333333
2,366,0.311379316095021
1,367,1.375
2,367,0.598235264046008
1,368,0
2,368,0
1,369,1.5
2,369,0.00777211203026186
1,370,1.33333333333333
2,370,0.0280757531215704
1,371,2
2,371,0.0192703085739804
1,372,1
2,372,0.0380841196705163
1,373,0
2,373,0
1,374,0
2,374,0
1,375,0
2,375,0
1,376,1
2,376,0.00358315996203862
1,377,0
2,377,0
1,378,1
2,378,0.0344174433104639
1,379,1
2,379,0.0350867904007403
1,380,1.6
2,380,0.379968310920178
1,381,1.42857142857143
2,381,0.255602095602414
1,382,2
2,382,0.785626377812666
1,383,2
2,383,0.191120115956704
1,384,1
2,384,0.0259162578418825
1,385,2
2,385,0.0222297546422066
1,386,1.14285714285714
2,386,0.0403070885473486
1,387,1
2,387,0.00701804524070258
1,388,1.28571428571429
2,388,0.0487602574310152
1,389,1.4
2,389,0.084883218241747
1,390,0
2,390,0
1,391,1
2,391,0.000101532812172903
1,392,1
2,392,0.0223125040237424
1,393,0
2,393,0
1,394,1.5
2,394,0.1145022187984
1,395,1.33333333333333
2,395,0.414183569212254
1,396,1.57142857142857
2,396,0.309289067076755
1,397,1.5
2,397,0.033699024517937
1,398,0
2,398,0
1,399,2.2
2,399,0.0536853369769698
1,400,1.25
2,400,0.0664539609103191
1,401,1
2,401,0.0202096232141128
1,402,3.4
2,402,0.220831586529143
1,403,2.2
2,403,0.198689775539977
1,404,1
2,404,0.0067523293356828
1,405,1
2,405,0.00731940535056325
1,406,0
2,406,0
1,407,0
2,407,0
1,408,1.5
2,408,0.188956880534696
1,409,1.4
2,409,0.198204322100324
1,410,1.5
2,410,0.152602254551505
1,411,0
2,411,0
1,412,1.5
2,412,0.0238144454127305
1,413,1.5
2,413,0.0478922828763386
1,414,3.2
2,414,0.107829812172923
1,415,1.5
2,415,0.0709234309878688
1,416,1
2,416,0.137333205908976
1,417,4.4
2,417,0.142892998904836
1,418,1.5
2,418,0.118380224093877
1,419,2
2,419,0.035734671344356
1,420,1
2,420,0.0333902744639664
1,421,1
2,421,0.000728839009617692
1,422,0
2,422,0
1,423,1
2,423,0.0363667600062576
1,424,1
2,424,0.365353309197879
1,425,0
2,425,0
1,426,1
2,426,0.0108388156727272
1,427,1
2,427,0.0145026698821078
1,428,1
2,428,0.115212924313922
1,429,1.25
2,429,0.0951801210932298
1,430,0
2,430,0
1,431,1.42857142857143
2,431,0.0527412735032703
1,432,0
2,432,0
1,433,1
2,433,0.0250977432160379
1,434,1
2,434,0.0127038666752633
1,435,1
2,435,0.0452567478714935
1,436,1.2
2,436,0.00570014903072699
1,437,1.33333333333333
2,437,0.0298789791390979
1,438,1
2,438,0.174886252688884
1,439,0
2,439,0
1,440,0
2,440,0
1,441,0
2,441,0
1,442,0
2,442,0
1,443,1.25
2,443,0.0341410122326237
1,444,1
2,444,0.031836881282066
1,445,1.33333333333333
2,445,0.0643590190127392
1,446,1
2,446,0.0015680460951273
1,447,1.14285714285714
2,447,0.044339095552243
1,448,1.75
2,448,0.0497196942627999
1,449,1.66666666666667
2,449,0.0513656164680173
1,450,0
2,450,0
1,451,0
2,451,0
1,452,0
2,452,0
1,453,3.9
2,453,0.0495623636386543
1,454,1
2,454,0.0342941480834194
1,455,1
2,455,0.0844280120247259
1,456,1
2,456,0.0420388110926373
1,457,1.83333333333333
2,457,0.0811197163693144
1,458,2.14285714285714
2,458,0.081441875126016
1,459,1
2,459,0.00076857265047696
1,460,1
2,460,0.0158760871200692
1,461,1
2,461,0.0207419965587981
1,462,0
2,462,0
1,463,0
2,463,0
1,464,0
2,464,0
1,465,0
2,465,0
1,466,0
2,466,0
1,467,1.25
2,467,0.0501054651956136
1,468,1
2,468,4.67703058631859e-05
1,469,1.33333333333333
2,469,0.000759738489653083
1,470,1.5
2,470,0.101872737583074
1,471,2.14285714285714
2,471,0.0794369901134905
1,472,1
2,472,0.00758159988077246
1,473,2
2,473,0.234236375562508
1,474,2.25
2,474,0.1540083072363
1,475,0
2,475,0
1,476,0
2,476,0
1,477,0
2,477,0
1,478,0
2,478,0
1,479,0
2,479,0
1,480,0
2,480,0
1,481,0
2,481,0
1,482,0
2,482,0
1,483,0
2,483,0
1,484,1
2,484,0.000908464616515476
1,485,2.16666666666667
2,485,0.0619267758746293
1,486,2.28571428571429
2,486,0.0993482850301972
1,487,0
2,487,0
1,488,1
2,488,0.168888865874307
1,489,2
2,489,0.0832243275588348
1,490,0
2,490,0
1,491,0
2,491,0
1,492,1.33333333333333
2,492,0.0120889658383049
1,493,0
2,493,0
1,494,0
2,494,0
1,495,0
2,495,0
1,496,0
2,496,0
1,497,0
2,497,0
1,498,0
2,498,0
1,499,1.57142857142857
2,499,0.0349903391566872
1,500,1.4
2,500,0.0875398623850474
1,501,3
2,501,0.247636122225055
1,502,2.75
2,502,0.189656956339391
1,503,1
2,503,0.0163701548960263
1,504,1.5
2,504,0.0123919419260657
1,505,1.33333333333333
2,505,0.024028400663819
1,506,0
2,506,0
1,507,0
2,507,0
1,508,0
2,508,0
1,509,0
2,509,0
1,510,0
2,510,0
1,511,1
2,511,0.037758756625896
1,512,1
2,512,0.0333636497940299
1,513,1
2,513,0.0523970510087491
1,514,3.2
2,514,0.283363484380417
1,515,2.42857142857143
2,515,0.159948626899909
1,516,1
2,516,0.100719366240032
1,517,0
2,517,0
1,518,2
2,518,0.0231015514038687
1,519,1.16666666666667
2,519,0.0565843120421134
1,520,0
2,520,0
1,521,0
2,521,0
1,522,0
2,522,0
1,523,0
2,523,0
1,524,0
2,524,0
1,525,1.14285714285714
2,525,0.0380778303666735
1,526,1
2,526,0.0211239445780852
1,527,1.66666666666667
2,527,0.0699880201250122
1,528,1.4
2,528,0.123226378757899
1,529,1.42857142857143
2,529,0.138408509532635
1,530,1
2,530,0.0899136130297629
1,531,1
2,531,0.0534111678336291
1,532,0
2,532,0
1,533,1.4
2,533,0.0015740554895435
1,534,0
2,534,0
1,535,0
2,535,0
1,536,0
2,536,0
1,537,0
2,537,0
1,538,2.42857142857143
2,538,0.0945956592114576
1,539,2.75
2,539,0.107019072562258
1,540,1.28571428571429
2,540,0.0461416765054933
1,541,1.4
2,541,0.215510057635758
1,542,1
2,542,0.0888363854230495
1,543,0
2,543,0
1,544,0
2,544,0
1,545,1.25
2,545,0.00236299880183061
1,546,0
2,546,0
1,547,0
2,547,0
1,548,0
2,548,0
1,549,0
2,549,0
1,550,0
2,550,0
1,551,2.2
2,551,0.0850391712208692
1,552,1.8
2,552,0.0721761630318622
1,553,1.4
2,553,0.173476445276035
1,554,1.4
2,554,0.030910747292445
1,555,1
2,555,0.0806362798579033
1,556,0
2,556,0
1,557,0
2,557,0
1,558,0
2,558,0
1,559,0
2,559,0
1,560,0
2,560,0
1,561,0
2,561,0
1,562,0
2,562,0
1,563,1.66666666666667
2,563,0.0632445342695455
1,564,1.5
2,564,0.0755554834180644
1,565,3.33333333333333
2,565,0.32164363719263
1,566,1.2
2,566,0.0809714375985187
1,567,0
2,567,0
1,568,0
2,568,0
1,569,0
2,569,0
1,570,0
2,570,0
1,571,1.5
2,571,0.00090287047971892
1,572,0
2,572,0
1,573,0
2,573,0
1,574,0
2,574,0
1,575,0
2,575,0
1,576,0
2,576,0
1,577,1.4
2,577,0.0965994902067243
1,578,1.4
2,578,0.472389733886168
1,579,2
2,579,0.0865728520261819
1,580,0
2,580,0
1,581,0
2,581,0
1,582,1
2,582,0.000796673633096907
1,583,0
2,583,0
1,584,0
2,584,0
1,585,0
2,585,0
1,586,0
2,586,0
1,587,0
2,587,0
1,588,0
2,588,0
1,589,1
2,589,0.0177151827460983
1,590,1
2,590,0.00645118326395549
1,591,1.4
2,591,0.0956662236833437
1,592,0
2,592,0
1,593,0
2,593,0
1,594,0
2,594,0
1,595,0
2,595,0
1,596,0
2,596,0
1,597,0
2,597,0
1,598,0
2,598,0
1,599,1
2,599,4.32573740298622e-05
1,600,1.5
2,600,0.188342938868157
1,601,0
2,601,0
1,602,0
2,602,0
1,603,0
2,603,0
1,604,0
2,604,0
1,605,0
2,605,0
1,606,0
2,606,0
1,607,0
2,607,0
1,608,1.5
2,608,0.000958104799543722
1,609,1.25
2,609,0.14235608108315
1,610,0
2,610,0
1,611,0
2,611,0
1,612,0
2,612,0
1,613,0
2,613,0
1,614,0
2,614,0
1,615,0
2,615,0
1,616,0
2,616,0
1,617,0
2,617,0
1,618,1.6
2,618,0.229215670917798
1,619,1.2
2,619,0.134668594688086
1,620,0
2,620,0
1,621,1
2,621,0.000396640087741341
1,622,0
2,622,0
1,623,0
2,623,0
1,624,0
2,624,0
1,625,0
2,625,0
1,626,0
2,626,0
1,627,1.33333333333333
2,627,0.12165226520891
1,628,1
2,628,0.205459172997003
1,629,1
2,629,0
1,630,0
2,630,0
1,631,0
2,631,0
1,632,0
2,632,0
1,633,0
2,633,0
1,634,0
2,634,0
1,635,0
2,635,0
1,636,0
2,636,0
1,637,0
2,637,0
1,638,0
2,638,0
1,639,0
2,639,0
1,640,0
2,640,0
1,641,0
2,641,0
1,642,0
2,642,0
1,643,0
2,643,0
1,644,0
2,644,0
1,645,0
2,645,0
1,646,0
2,646,0
1,647,0
2,647,0
1,648,0
2,648,0
1,649,0
2,649,0
1,650,0
2,650,0
1,651,0
2,651,0
1,652,0
2,652,0
1,653,0
2,653,0
1,654,0
2,654,0
1,655,0
2,655,0
1,656,0
2,656,0
1,657,0
2,657,0
1,658,0
2,658,0
1,659,0
2,659,0
1,660,0
2,660,0
1,661,0
2,661,0
1,662,0
2,662,0
1,663,0
2,663,0
1,664,0
2,664,0
1,665,0
2,665,0
1,666,0
2,666,0
1,667,0
2,667,0
1,668,1
2,668,1.81374220637603e-05
1,669,1.25
2,669,0.00035848859107196
1,670,1
2,670,0.000107233723649677
1,671,1
2,671,0.000317210658155322
1,672,1
2,672,0.0178799581490912
1,673,1
2,673,0.000721822573752991
1,674,1
2,674,0.00336675457362686
1,675,0
2,675,0
1,676,0
2,676,0
1,677,0
2,677,0
1,678,0
2,678,0
1,679,0
2,679,0
1,680,0
2,680,0
1,681,0
2,681,0
1,682,0
2,682,0
1,683,1.2
2,683,0.00765098061717075
1,684,1.5
2,684,0.00104684046799292
1,685,1.71428571428571
2,685,0.00772137147367675
1,686,1.875
2,686,0.0121090571976726
1,687,2.28571428571429
2,687,0.00948196936095008
1,688,2.11111111111111
2,688,0.00203194550217076
1,689,1.25
2,689,0.00481476618450951
1,690,1
2,690,0.000115418707747038
1,691,1
2,691,0.000342007341106897
1,692,0
2,692,0
1,693,1
2,693,0.00796675187069042
1,694,0
2,694,0
1,695,0
2,695,0
1,696,0
2,696,0
1,697,2
2,697,5.96872213389875e-07
1,698,1.66666666666667
2,698,0.00327957240687281
1,699,2.375
2,699,0.0111380746455352
1,700,2.4
2,700,0.00324336411303286
1,701,1.4
2,701,0.00318728919678936
1,702,2.5
2,702,0.0184486041893182
1,703,2.125
2,703,0.0130937221806861
1,704,1
2,704,0.0143042922292311
1,705,0
2,705,0
1,706,0
2,706,0
1,707,0
2,707,0
1,708,2
2,708,7.2399092087986e-07
1,709,1
2,709,1.15961013330228e-05
1,710,1
2,710,5.48817273435691e-05
1,711,2
2,711,0.0277913527342312
1,712,1.5
2,712,0.024874966169203
1,713,0
2,713,0
1,714,0
2,714,0
1,715,0
2,715,0
1,716,2.4
2,716,0.00253076069653481
1,717,3.625
2,717,0.0339413251736332
1,718,1.28571428571429
2,718,0.00628268087117001
1,719,0
2,719,0
1,720,1
2,720,0.00186588486668595
1,721,0
2,721,0
1,722,0
2,722,0
1,723,1.83333333333333
2,723,0.00120457083990011
1,724,1
2,724,0.000126058983191783
1,725,1
2,725,0.000274976164503063
1,726,1.85714285714286
2,726,0.0296286206639807
1,727,1.8
2,727,0.00993746713050117
1,728,2
2,728,0.00794007304664216
1,729,1.33333333333333
2,729,0.00632317934485559
1,730,1
2,730,0.0116681326117338
1,731,0
2,731,0
