species,pu,amount
1,1,0
2,1,0
1,2,0
2,2,0
1,3,0
2,3,0
1,4,0
2,4,0
1,5,0
2,5,0
1,6,0
2,6,0
1,7,0
2,7,0
1,8,0
2,8,0
1,9,0
2,9,0
1,10,0
2,10,0
1,11,0
2,11,0
1,12,0
2,12,0
1,13,0
2,13,0
1,14,0
2,14,0
1,15,0
2,15,0
1,16,0
2,16,0
1,17,0
2,17,0
1,18,0
2,18,0
1,19,0
2,19,0
1,20,0
2,20,0
1,21,1
2,21,6.61187386369882e-21
1,22,0
2,22,0
1,23,0
2,23,0
1,24,0
2,24,0
1,25,0
2,25,0
1,26,0
2,26,0
1,27,0
2,27,0
1,28,0
2,28,0
1,29,0
2,29,0
1,30,0
2,30,0
1,31,0
2,31,0
1,32,0
2,32,0
1,33,0
2,33,0
1,34,1.16666666666667
2,34,5.2476032158873e-18
1,35,0
2,35,0
1,36,0
2,36,0
1,37,0
2,37,0
1,38,0
2,38,0
1,39,0
2,39,0
1,40,0
2,40,0
1,41,0
2,41,0
1,42,0
2,42,0
1,43,0
2,43,0
1,44,0
2,44,0
1,45,1
2,45,1.63778564445992e-18
1,46,0
2,46,0
1,47,0
2,47,0
1,48,0
2,48,0
1,49,0
2,49,0
1,50,0
2,50,0
1,51,0
2,51,0
1,52,0
2,52,0
1,53,0
2,53,0
1,54,0
2,54,0
1,55,0
2,55,0
1,56,0
2,56,0
1,57,0
2,57,0
1,58,0
2,58,0
1,59,0
2,59,0
1,60,0
2,60,0
1,61,0
2,61,0
1,62,0
2,62,0
1,63,1.5
2,63,3.35281821894787e-19
1,64,0
2,64,0
1,65,0
2,65,0
1,66,0
2,66,0
1,67,0
2,67,0
1,68,0
2,68,0
1,69,0
2,69,0
1,70,0
2,70,0
1,71,18.2
2,71,1.4708908090216e-18
1,72,1.28571428571429
2,72,3.12286778224003e-18
1,73,0
2,73,0
1,74,0
2,74,0
1,75,0
2,75,0
1,76,0
2,76,0
1,77,0
2,77,0
1,78,355.5
2,78,7.69239742300672e-18
1,79,0
2,79,0
1,80,0
2,80,0
1,81,0
2,81,0
1,82,0
2,82,0
1,83,0
2,83,0
1,84,0
2,84,0
1,85,0
2,85,0
1,86,4.1
2,86,3.24499612183513e-18
1,87,0
2,87,0
1,88,0
2,88,0
1,89,0
2,89,0
1,90,0
2,90,0
1,91,0
2,91,0
1,92,0
2,92,0
1,93,1.85714285714286
2,93,2.0500454451364e-18
1,94,9.5
2,94,4.02850100174236e-18
1,95,126.9
2,95,6.23140657669715e-18
1,96,30.2
2,96,6.3625547162394e-18
1,97,0
2,97,0
1,98,0
2,98,0
1,99,0
2,99,0
1,100,0
2,100,0
1,101,0
2,101,0
1,102,0
2,102,0
1,103,2.66666666666667
2,103,2.63597952477964e-18
1,104,14.4
2,104,4.79567602819525e-18
1,105,3.5
2,105,6.76869601831523e-19
1,106,0
2,106,0
1,107,0
2,107,0
1,108,0
2,108,0
1,109,1.5
2,109,2.54225484156935e-18
1,110,4
2,110,6.18191484414192e-18
1,111,6.7
2,111,6.90959492634963e-18
1,112,0
2,112,0
1,113,30.3
2,113,4.26791880114098e-18
1,114,0
2,114,0
1,115,0
2,115,0
1,116,0
2,116,0
1,117,4.2
2,117,7.94503110184002e-18
1,118,2.85714285714286
2,118,9.85614745665425e-18
1,119,0
2,119,0
1,120,0
2,120,0
1,121,0
2,121,0
1,122,0
2,122,0
1,123,2.77777777777778
2,123,7.19742715911297e-18
1,124,78.1
2,124,5.32380322227001e-18
1,125,5.77777777777778
2,125,4.47348656596243e-18
1,126,0
2,126,0
1,127,0
2,127,0
1,128,3.71428571428571
2,128,4.253599320129e-18
1,129,0
2,129,0
1,130,0
2,130,0
1,131,1
2,131,0
1,132,0
2,132,0
1,133,13.2
2,133,5.27600111804013e-18
1,134,0
2,134,0
1,135,0
2,135,0
1,136,0
2,136,0
1,137,2.5
2,137,1.55492525335369e-17
1,138,14.5
2,138,4.99508746657388e-18
1,139,5.375
2,139,6.19537503795338e-18
1,140,0
2,140,0
1,141,53.8
2,141,4.87724366477914e-18
1,142,744.8
2,142,1.14708815374527e-17
1,143,0
2,143,0
1,144,0
2,144,0
1,145,2.375
2,145,8.89014661140818e-18
1,146,4.14285714285714
2,146,5.33408427728209e-18
1,147,0
2,147,0
1,148,0
2,148,0
1,149,158.6
2,149,4.46378934013195e-17
1,150,0
2,150,0
1,151,0
2,151,0
1,152,0
2,152,0
1,153,1.66666666666667
2,153,2.66120204838865e-18
1,154,14.6
2,154,3.16478341093091e-17
1,155,0
2,155,0
1,156,0
2,156,0
1,157,11.7
2,157,7.02402573280802e-18
1,158,0
2,158,0
1,159,0
2,159,0
1,160,681.3
2,160,8.3507951194412e-17
1,161,0
2,161,0
1,162,2.88888888888889
2,162,4.8350809472367e-18
1,163,3.9
2,163,3.21631173697489e-18
1,164,47
2,164,9.8437927525561e-18
1,165,217.6
2,165,1.37448153298168e-17
1,166,3.2
2,166,3.57100000525767e-18
1,167,7.9
2,167,7.50760869381922e-18
1,168,0
2,168,0
1,169,0
2,169,0
1,170,15.5
2,170,3.20793311799423e-18
1,171,434.9
2,171,1.02174087457461e-17
1,172,0
2,172,0
1,173,6.2
2,173,3.87136445428338e-18
1,174,0
2,174,0
1,175,5.2
2,175,2.45416827092473e-17
1,176,0
2,176,0
1,177,0
2,177,0
1,178,0
2,178,0
1,179,1.66666666666667
2,179,2.35853759187156e-18
1,180,71
2,180,3.2210323163991e-18
1,181,0
2,181,0
1,182,0
2,182,0
1,183,0
2,183,0
1,184,0
2,184,0
1,185,1.66666666666667
2,185,1.52861503293995e-18
1,186,16.4
2,186,3.06109195549127e-18
1,187,19.5
2,187,1.08514822313458e-18
1,188,0
2,188,0
1,189,0
2,189,0
1,190,1
2,190,7.3309329583786e-18
1,191,1.2
2,191,7.4066604647861e-17
1,192,2.44444444444444
2,192,4.38664471805844e-17
1,193,0
2,193,0
1,194,0
2,194,0
1,195,0
2,195,0
1,196,1.25
2,196,1.78474021969949e-18
1,197,0
2,197,0
1,198,0
2,198,0
1,199,3.9
2,199,3.19540953552389e-14
1,200,2.11111111111111
2,200,1.76304931138256e-14
1,201,5.1
2,201,1.0271169657804e-14
1,202,7
2,202,9.94160615231099e-17
1,203,9.4
2,203,8.57774900552196e-17
1,204,2.42857142857143
2,204,1.7630881362673e-17
1,205,3
2,205,1.28705986615034e-16
1,206,0
2,206,0
1,207,0
2,207,0
1,208,0
2,208,0
1,209,0
2,209,0
1,210,1
2,210,5.96234857314778e-18
1,211,3
2,211,7.58272790884628e-18
1,212,1.75
2,212,3.78016504180169e-16
1,213,1.5
2,213,1.18180991434773e-17
1,214,0
2,214,0
1,215,0
2,215,0
1,216,0
2,216,0
1,217,1.42857142857143
2,217,3.70223109151727e-16
1,218,4.6
2,218,8.02352214052386e-17
1,219,4
2,219,4.92872213944687e-17
1,220,6.22222222222222
2,220,2.45654071885005e-17
1,221,0
2,221,0
1,222,0
2,222,0
1,223,0
2,223,0
1,224,0
2,224,0
1,225,0
2,225,0
1,226,0
2,226,0
1,227,0
2,227,0
1,228,0
2,228,0
1,229,0
2,229,0
1,230,0
2,230,0
1,231,0
2,231,0
1,232,1.5
2,232,7.77842077166865e-18
1,233,12.9
2,233,1.20650240348461e-16
1,234,0
2,234,0
1,235,0
2,235,0
1,236,0
2,236,0
1,237,0
2,237,0
1,238,0
2,238,0
1,239,0
2,239,0
1,240,0
2,240,0
1,241,0
2,241,0
1,242,0
2,242,0
1,243,0
2,243,0
1,244,34.4
2,244,2.18040404002321e-16
1,245,0
2,245,0
1,246,0
2,246,0
1,247,0
2,247,0
1,248,0
2,248,0
1,249,0
2,249,0
1,250,0
2,250,0
1,251,0
2,251,0
1,252,0
2,252,0
1,253,0
2,253,0
1,254,9
2,254,1.61584645513257e-16
1,255,0
2,255,0
1,256,0
2,256,0
1,257,0
2,257,0
1,258,0
2,258,0
1,259,0
2,259,0
1,260,0
2,260,0
1,261,0
2,261,0
1,262,0
2,262,0
1,263,7.9
2,263,2.6937400850338e-15
1,264,0
2,264,0
1,265,0
2,265,0
1,266,0
2,266,0
1,267,0
2,267,0
1,268,0
2,268,0
1,269,0
2,269,0
1,270,0
2,270,0
1,271,0
2,271,0
1,272,0
2,272,0
1,273,0
2,273,0
1,274,0
2,274,0
1,275,0
2,275,0
1,276,0
2,276,0
1,277,1.33333333333333
2,277,3.59221614161938e-16
1,278,0
2,278,0
1,279,0
2,279,0
1,280,0
2,280,0
1,281,0
2,281,0
1,282,0
2,282,0
1,283,0
2,283,0
1,284,0
2,284,0
1,285,0
2,285,0
1,286,0
2,286,0
1,287,0
2,287,0
1,288,0
2,288,0
1,289,0
2,289,0
1,290,0
2,290,0
1,291,0
2,291,0
1,292,0
2,292,0
1,293,0
2,293,0
1,294,0
2,294,0
1,295,0
2,295,0
1,296,0
2,296,0
1,297,0
2,297,0
1,298,0
2,298,0
1,299,0
2,299,0
1,300,0
2,300,0
1,301,18
2,301,3.60019943760284e-15
1,302,0
2,302,0
1,303,0
2,303,0
1,304,0
2,304,0
1,305,0
2,305,0
1,306,0
2,306,0
1,307,0
2,307,0
1,308,0
2,308,0
1,309,0
2,309,0
1,310,0
2,310,0
1,311,0
2,311,0
1,312,0
2,312,0
1,313,2.14285714285714
2,313,8.66374915884771e-14
1,314,17.5
2,314,1.83278143173497e-15
1,315,0
2,315,0
1,316,0
2,316,0
1,317,0
2,317,0
1,318,0
2,318,0
1,319,0
2,319,0
1,320,0
2,320,0
1,321,0
2,321,0
1,322,0
2,322,0
1,323,0
2,323,0
1,324,5.2
2,324,8.65758076979765e-12
1,325,0
2,325,0
1,326,0
2,326,0
1,327,0
2,327,0
1,328,0
2,328,0
1,329,0
2,329,0
1,330,0
2,330,0
1,331,0
2,331,0
1,332,0
2,332,0
1,333,0
2,333,0
1,334,0
2,334,0
1,335,0
2,335,0
1,336,2.25
2,336,3.72921246460556e-13
1,337,0
2,337,0
1,338,0
2,338,0
1,339,0
2,339,0
1,340,0
2,340,0
1,341,0
2,341,0
1,342,0
2,342,0
1,343,0
2,343,0
1,344,0
2,344,0
1,345,0
2,345,0
1,346,0
2,346,0
1,347,0
2,347,0
1,348,0
2,348,0
1,349,1.75
2,349,2.26536791050767e-11
1,350,1
2,350,1.14444709004616e-05
1,351,0
2,351,0
1,352,0
2,352,0
1,353,0
2,353,0
1,354,0
2,354,0
1,355,0
2,355,0
1,356,0
2,356,0
1,357,0
2,357,0
1,358,0
2,358,0
1,359,0
2,359,0
1,360,0
2,360,0
1,361,0
2,361,0
1,362,0
2,362,0
1,363,0
2,363,0
1,364,0
2,364,0
1,365,0
2,365,0
1,366,0
2,366,0
1,367,0
2,367,0
1,368,0
2,368,0
1,369,0
2,369,0
1,370,0
2,370,0
1,371,0
2,371,0
1,372,0
2,372,0
1,373,0
2,373,0
1,374,0
2,374,0
1,375,15.6
2,375,1.54197720733558e-11
1,376,4
2,376,0.000284576832112324
1,377,2.5
2,377,0.000627488959116419
1,378,0
2,378,0
1,379,0
2,379,0
1,380,0
2,380,0
1,381,0
2,381,0
1,382,0
2,382,0
1,383,0
2,383,0
1,384,0
2,384,0
1,385,0
2,385,0
1,386,0
2,386,0
1,387,0
2,387,0
1,388,0
2,388,0
1,389,0
2,389,0
1,390,16.7
2,390,1.20153388720302e-10
1,391,1
2,391,0.000184093980089464
1,392,0
2,392,0
1,393,0
2,393,0
1,394,0
2,394,0
1,395,0
2,395,0
1,396,0
2,396,0
1,397,0
2,397,0
1,398,0
2,398,0
1,399,0
2,399,0
1,400,0
2,400,0
1,401,0
2,401,0
1,402,0
2,402,0
1,403,1.2
2,403,2.63367594879632e-11
1,404,0
2,404,0
1,405,0
2,405,0
1,406,0
2,406,0
1,407,0
2,407,0
1,408,0
2,408,0
1,409,0
2,409,0
1,410,0
2,410,0
1,411,0
2,411,0
1,412,0
2,412,0
1,413,0
2,413,0
1,414,0
2,414,0
1,415,0
2,415,0
1,416,8.7
2,416,3.11460274834174e-09
1,417,2
2,417,4.00890350066625e-11
1,418,21.4
2,418,1.47471458808474e-11
1,419,0
2,419,0
1,420,0
2,420,0
1,421,0
2,421,0
1,422,0
2,422,0
1,423,0
2,423,0
1,424,0
2,424,0
1,425,0
2,425,0
1,426,0
2,426,0
1,427,0
2,427,0
1,428,0
2,428,0
1,429,0
2,429,0
1,430,0
2,430,0
1,431,0
2,431,0
1,432,46.8
2,432,2.09257636088149e-18
1,433,1
2,433,0.000279427530136275
1,434,0
2,434,0
1,435,0
2,435,0
1,436,0
2,436,0
1,437,0
2,437,0
1,438,0
2,438,0
1,439,0
2,439,0
1,440,0
2,440,0
1,441,1.14285714285714
2,441,3.68900202909363e-07
1,442,0
2,442,0
1,443,28.1
2,443,3.74217050837454e-07
1,444,0
2,444,0
1,445,0
2,445,0
1,446,0
2,446,0
1,447,0
2,447,0
1,448,0
2,448,0
1,449,0
2,449,0
1,450,0
2,450,0
1,451,0
2,451,0
1,452,2.44444444444444
2,452,4.652133275922e-06
1,453,7.88888888888889
2,453,1.70568090201459e-08
1,454,11.7
2,454,0.00747418097887273
1,455,0
2,455,0
1,456,0
2,456,0
1,457,0
2,457,0
1,458,0
2,458,0
1,459,0
2,459,0
1,460,0
2,460,0
1,461,0
2,461,0
1,462,0
2,462,0
1,463,1
2,463,2.53256656626716e-05
1,464,36
2,464,2.26430399024758e-07
1,465,2.375
2,465,0.00834769058960117
1,466,8.5
2,466,0.00906109694935403
1,467,0
2,467,0
1,468,0
2,468,0
1,469,0
2,469,0
1,470,0
2,470,0
1,471,0
2,471,0
1,472,0
2,472,0
1,473,0
2,473,0
1,474,0
2,474,0
1,475,0
2,475,0
1,476,0
2,476,0
1,477,5.6
2,477,3.28524441460631e-06
1,478,34.4
2,478,7.72976646942254e-07
1,479,238.7
2,479,2.03581151603584e-14
1,480,38.3
2,480,0.014676035390775
1,481,1.83333333333333
2,481,0.0112971910993159
1,482,0
2,482,0
1,483,0
2,483,0
1,484,0
2,484,0
1,485,0
2,485,0
1,486,0
2,486,0
1,487,0
2,487,0
1,488,0
2,488,0
1,489,0
2,489,0
1,490,0
2,490,0
1,491,0
2,491,0
1,492,3.77777777777778
2,492,4.5333162276425e-07
1,493,56.3
2,493,0.0252807139976436
1,494,12.7
2,494,0.0214328282786327
1,495,0
2,495,0
1,496,0
2,496,0
1,497,0
2,497,0
1,498,0
2,498,0
1,499,0
2,499,0
1,500,0
2,500,0
1,501,0
2,501,0
1,502,0
2,502,0
1,503,0
2,503,0
1,504,0
2,504,0
1,505,1
2,505,3.22855211875181e-08
1,506,12.8
2,506,0.031469814307116
1,507,5
2,507,0.0212266896720501
1,508,0
2,508,0
1,509,0
2,509,0
1,510,0
2,510,0
1,511,0
2,511,0
1,512,0
2,512,0
1,513,0
2,513,0
1,514,0
2,514,0
1,515,0
2,515,0
1,516,0
2,516,0
1,517,2.16666666666667
2,517,5.3323270186008e-06
1,518,16.9
2,518,2.02485020286222e-06
1,519,0
2,519,0
1,520,17
2,520,0.0701741434899115
1,521,12.1
2,521,0.0249379202524758
1,522,0
2,522,0
1,523,0
2,523,0
1,524,0
2,524,0
1,525,0
2,525,0
1,526,0
2,526,0
1,527,0
2,527,0
1,528,0
2,528,0
1,529,0
2,529,0
1,530,0
2,530,0
1,531,1
2,531,9.17540417367907e-07
1,532,28.2
2,532,3.51236980632642e-07
1,533,0
2,533,0
1,534,31.3
2,534,0.0301813214171312
1,535,6.44444444444444
2,535,0.016572363112463
1,536,0
2,536,0
1,537,0
2,537,0
1,538,0
2,538,0
1,539,0
2,539,0
1,540,0
2,540,0
1,541,0
2,541,0
1,542,0
2,542,0
1,543,24.1
2,543,0.000255115415181568
1,544,4.2
2,544,6.66219195030495e-05
1,545,18.2
2,545,1.63849922148923e-06
1,546,1364.5
2,546,0.492883366455399
1,547,56.8
2,547,0.0746505132901949
1,548,15.8
2,548,0.0148831361362061
1,549,0
2,549,0
1,550,0
2,550,0
1,551,0
2,551,0
1,552,0
2,552,0
1,553,0
2,553,0
1,554,0
2,554,0
1,555,11.4
2,555,0.000555155219875768
1,556,55
2,556,0.000662618151460545
1,557,108.7
2,557,5.00114024855974e-07
1,558,272
2,558,0.283376719541685
1,559,140
2,559,0.158594858819723
1,560,14.9
2,560,0.0241668102257059
1,561,3.77777777777778
2,561,0.00879678729156167
1,562,0
2,562,0
1,563,0
2,563,0
1,564,0
2,564,0
1,565,0
2,565,0
1,566,0
2,566,0
1,567,15.1
2,567,0.000399940009425502
1,568,59.5
2,568,0.000344587503409124
1,569,173.2
2,569,2.38939161426928e-06
1,570,652.5
2,570,9.65392403517839e-08
1,571,0
2,571,0
1,572,132.2
2,572,0.148004595613274
1,573,28.4
2,573,0.0338825823286068
1,574,17.5555555555556
2,574,0.0106968056175365
1,575,0
2,575,0
1,576,0
2,576,0
1,577,0
2,577,0
1,578,0
2,578,0
1,579,0
2,579,0
1,580,12.8
2,580,0.000569771984241387
1,581,43.8
2,581,3.70081744338586e-18
1,582,0
2,582,0
1,583,54.1
2,583,1.15448727031561e-06
1,584,427.4
2,584,0.409778987628252
1,585,61.5
2,585,0.0642505640474859
1,586,15.2
2,586,0.0149463868613991
1,587,14.2
2,587,0.0102513463987291
1,588,0
2,588,0
1,589,0
2,589,0
1,590,0
2,590,0
1,591,0
2,591,0
1,592,6.7
2,592,0.000453738027420955
1,593,95.7
2,593,6.58693124230292e-18
1,594,105.6
2,594,0.213572973590117
1,595,39.6
2,595,0.0518035500545376
1,596,44.3
2,596,0.016583370895255
1,597,0
2,597,0
1,598,0
2,598,0
1,599,0
2,599,0
1,600,0
2,600,0
1,601,6.1
2,601,0.000289224864614016
1,602,930.8
2,602,0.931708357187855
1,603,92.5
2,603,0.169612980371641
1,604,33.9
2,604,0.0444409590033589
1,605,36.9
2,605,0.0309559523949632
1,606,0
2,606,0
1,607,0
2,607,0
1,608,0
2,608,0
1,609,0
2,609,0
1,610,14
2,610,2.00563952647186e-05
1,611,1050.9
2,611,3.60920718072504e-05
1,612,414.8
2,612,0.604147450698281
1,613,78.9
2,613,0.130276782025186
1,614,32.9
2,614,0.0567700428167513
1,615,2.375
2,615,0.0409301857325034
1,616,0
2,616,0
1,617,0
2,617,0
1,618,0
2,618,0
1,619,36.6
2,619,0.00175743044742438
1,620,104.4
2,620,0.000464185705166844
1,621,11.3
2,621,7.52862516647502e-05
1,622,161.2
2,622,0.429244469504421
1,623,63.8
2,623,0.144010139622078
1,624,20
2,624,0.0717000270393131
1,625,0
2,625,0
1,626,0
2,626,0
1,627,0
2,627,0
1,628,1.4
2,628,0.00352712498642283
1,629,7.33333333333333
2,629,0.000102515648160254
1,630,235
2,630,0.391235378624624
1,631,111.9
2,631,0.365801282781288
1,632,26
2,632,0.156357755347257
1,633,0
2,633,0
1,634,0
2,634,0
1,635,0
2,635,0
1,636,1.83333333333333
2,636,0.00193951125632325
1,637,2
2,637,9.54002295319877e-18
1,638,237.8
2,638,0.269817966160423
1,639,34.7
2,639,0.320919061449985
1,640,1.25
2,640,0.142068800373237
1,641,0
2,641,0
1,642,0
2,642,0
1,643,0
2,643,0
1,644,0
2,644,0
1,645,21.3
2,645,0.000249383030891272
1,646,28.8
2,646,0.225226815864475
1,647,3.5
2,647,0.194436297416119
1,648,0
2,648,0
1,649,0
2,649,0
1,650,0
2,650,0
1,651,6.9
2,651,0.00302340040129994
1,652,0
2,652,0
1,653,3.5
2,653,0.000243467452042986
1,654,8.11111111111111
2,654,0.0123666410177873
1,655,14.3
2,655,0.0127645567631896
1,656,1.875
2,656,0.011066494818043
1,657,2.625
2,657,0.0115901264105022
1,658,1.875
2,658,0.117422511160422
1,659,0
2,659,0
1,660,0
2,660,0
1,661,0
2,661,0
1,662,7.8
2,662,0.00911796244416067
1,663,5.1
2,663,0.000235166361056962
1,664,6
2,664,0.000174291524695891
1,665,0
2,665,0
1,666,2
2,666,0.00056259774397967
1,667,1.66666666666667
2,667,0.00481132786214812
1,668,8.2
2,668,0.00691700436646932
1,669,0
2,669,0
1,670,0
2,670,0
1,671,0
2,671,0
1,672,0
2,672,0
1,673,0
2,673,0
1,674,0
2,674,0
1,675,2.7
2,675,0.025110206324035
1,676,1.28571428571429
2,676,0.0597751413518985
1,677,0
2,677,0
1,678,0
2,678,0
1,679,3.6
2,679,0.0165431935263133
1,680,23
2,680,0.00308382923377016
1,681,13.1
2,681,0.000377149911627178
1,682,0
2,682,0
1,683,0
2,683,0
1,684,0
2,684,0
1,685,0
2,685,0
1,686,0
2,686,0
1,687,0
2,687,0
1,688,0
2,688,0
1,689,0
2,689,0
1,690,1.5
2,690,0.0383947948941561
1,691,0
2,691,0
1,692,0
2,692,0
1,693,0
2,693,0
1,694,11
2,694,0.011109486491796
1,695,29.2
2,695,0.00766679574640298
1,696,61.1
2,696,0.00387382729882386
1,697,0
2,697,0
1,698,0
2,698,0
1,699,0
2,699,0
1,700,0
2,700,0
1,701,0
2,701,0
1,702,0
2,702,0
1,703,0
2,703,0
1,704,0
2,704,0
1,705,0
2,705,0
1,706,1.85714285714286
2,706,0.0140156643573704
1,707,50.1
2,707,0.00537464916997032
1,708,0
2,708,0
1,709,0
2,709,0
1,710,0
2,710,0
1,711,0
2,711,0
1,712,0
2,712,0
1,713,1.7
2,713,0.0162647364645301
1,714,17.8
2,714,0.00571559206237656
1,715,44.1
2,715,0.00509676370448375
1,716,0
2,716,0
1,717,0
2,717,0
1,718,0
2,718,0
1,719,0
2,719,0
1,720,0
2,720,0
1,721,0
2,721,0
1,722,0
2,722,0
1,723,0
2,723,0
1,724,0
2,724,0
1,725,0
2,725,0
1,726,0
2,726,0
1,727,0
2,727,0
1,728,0
2,728,0
1,729,0
2,729,0
1,730,0
2,730,0
1,731,262.4
2,731,0.000300287364728514
