species,pu,amount
1,1,0
2,1,0
1,2,0
2,2,0
1,3,0
2,3,0
1,4,0
2,4,0
1,5,0
2,5,0
1,6,0
2,6,0
1,7,0
2,7,0
1,8,0
2,8,0
1,9,0
2,9,0
1,10,0
2,10,0
1,11,0
2,11,0
1,12,0
2,12,0
1,13,0
2,13,0
1,14,0
2,14,0
1,15,0
2,15,0
1,16,0
2,16,0
1,17,0
2,17,0
1,18,0
2,18,0
1,19,0
2,19,0
1,20,0
2,20,0
1,21,1.8
2,21,1.26744629964113e-18
1,22,0
2,22,0
1,23,0
2,23,0
1,24,0
2,24,0
1,25,0
2,25,0
1,26,0
2,26,0
1,27,0
2,27,0
1,28,0
2,28,0
1,29,0
2,29,0
1,30,0
2,30,0
1,31,0
2,31,0
1,32,0
2,32,0
1,33,0
2,33,0
1,34,1.88888888888889
2,34,1.70724367526172e-18
1,35,0
2,35,0
1,36,0
2,36,0
1,37,0
2,37,0
1,38,0
2,38,0
1,39,0
2,39,0
1,40,0
2,40,0
1,41,0
2,41,0
1,42,0
2,42,0
1,43,0
2,43,0
1,44,0
2,44,0
1,45,2.25
2,45,4.05193352447793e-18
1,46,0
2,46,0
1,47,0
2,47,0
1,48,0
2,48,0
1,49,0
2,49,0
1,50,0
2,50,0
1,51,0
2,51,0
1,52,0
2,52,0
1,53,0
2,53,0
1,54,0
2,54,0
1,55,1.6
2,55,1.85648092602641e-19
1,56,0
2,56,0
1,57,0
2,57,0
1,58,0
2,58,0
1,59,0
2,59,0
1,60,0
2,60,0
1,61,0
2,61,0
1,62,0
2,62,0
1,63,2
2,63,4.24012321019248e-19
1,64,0
2,64,0
1,65,0
2,65,0
1,66,0
2,66,0
1,67,0
2,67,0
1,68,0
2,68,0
1,69,0
2,69,0
1,70,0
2,70,0
1,71,35.4
2,71,1.6838248914209e-18
1,72,1.5
2,72,4.70818021986779e-18
1,73,0
2,73,0
1,74,0
2,74,0
1,75,0
2,75,0
1,76,0
2,76,0
1,77,0
2,77,0
1,78,476.6
2,78,1.17730692560883e-17
1,79,0
2,79,0
1,80,0
2,80,0
1,81,0
2,81,0
1,82,0
2,82,0
1,83,0
2,83,0
1,84,0
2,84,0
1,85,0
2,85,0
1,86,4.9
2,86,2.59890598297193e-18
1,87,1
2,87,4.16634125644854e-18
1,88,0
2,88,0
1,89,0
2,89,0
1,90,0
2,90,0
1,91,0
2,91,0
1,92,0
2,92,0
1,93,4.33333333333333
2,93,4.85049110292199e-18
1,94,32
2,94,4.27427851549765e-18
1,95,283.2
2,95,9.94874580090717e-18
1,96,58.7
2,96,8.64322081002214e-18
1,97,0
2,97,0
1,98,0
2,98,0
1,99,0
2,99,0
1,100,0
2,100,0
1,101,0
2,101,0
1,102,0
2,102,0
1,103,3.5
2,103,4.13070884614106e-18
1,104,45.3
2,104,5.16871655460934e-18
1,105,7
2,105,4.14606912662172e-18
1,106,0
2,106,0
1,107,0
2,107,0
1,108,0
2,108,0
1,109,2.66666666666667
2,109,2.03599590445251e-17
1,110,12.1
2,110,7.46258378338092e-18
1,111,19
2,111,8.84991535458113e-18
1,112,0
2,112,0
1,113,39.6
2,113,1.09678519382053e-17
1,114,0
2,114,0
1,115,0
2,115,0
1,116,0
2,116,0
1,117,7.77777777777778
2,117,7.01432600567447e-18
1,118,6.375
2,118,6.18753651240995e-18
1,119,0
2,119,0
1,120,0
2,120,0
1,121,0
2,121,0
1,122,0
2,122,0
1,123,6.2
2,123,7.29435011153259e-18
1,124,97
2,124,7.36256793466159e-18
1,125,14.6
2,125,7.05268267817086e-18
1,126,0
2,126,0
1,127,0
2,127,0
1,128,3.4
2,128,6.94665210276694e-17
1,129,0
2,129,0
1,130,0
2,130,0
1,131,1
2,131,2.46179498215198e-18
1,132,0
2,132,0
1,133,18.9
2,133,4.26404150422959e-18
1,134,0
2,134,0
1,135,0
2,135,0
1,136,0
2,136,0
1,137,7.55555555555556
2,137,7.40667649800163e-18
1,138,26.2
2,138,3.69705204973113e-18
1,139,7.9
2,139,4.67356350426663e-18
1,140,0
2,140,0
1,141,123.8
2,141,3.74387786082705e-18
1,142,1236
2,142,3.88567244249313e-16
1,143,0
2,143,0
1,144,0
2,144,0
1,145,4
2,145,8.05039270811223e-18
1,146,7
2,146,2.25737942579848e-18
1,147,0
2,147,0
1,148,0
2,148,0
1,149,290.7
2,149,1.91228830886204e-17
1,150,0
2,150,0
1,151,0
2,151,0
1,152,1
2,152,1.07055026240404e-17
1,153,3.11111111111111
2,153,5.26490087389821e-18
1,154,20.3
2,154,1.4695805429928e-17
1,155,0
2,155,0
1,156,0
2,156,0
1,157,20.9
2,157,4.28993094532261e-18
1,158,0
2,158,0
1,159,0
2,159,0
1,160,986.9
2,160,1.58336862874621e-17
1,161,0
2,161,0
1,162,7.6
2,162,3.72262346739515e-18
1,163,3.8
2,163,2.74004385191093e-18
1,164,66.3
2,164,7.46308610708882e-18
1,165,387.6
2,165,1.09853398346464e-17
1,166,4.88888888888889
2,166,2.8341798222364e-18
1,167,14.4
2,167,5.29602030247928e-18
1,168,0
2,168,0
1,169,0
2,169,0
1,170,29.2
2,170,3.04537853450456e-18
1,171,602.8
2,171,1.44677995794421e-17
1,172,0
2,172,0
1,173,14.2
2,173,4.0823787801808e-18
1,174,0
2,174,0
1,175,14
2,175,3.00004585319273e-18
1,176,0
2,176,0
1,177,0
2,177,0
1,178,0
2,178,0
1,179,2.44444444444444
2,179,2.79838010974838e-18
1,180,55.6
2,180,1.59529931699394e-18
1,181,0
2,181,0
1,182,0
2,182,0
1,183,0
2,183,0
1,184,0
2,184,0
1,185,2.14285714285714
2,185,4.56947712226582e-18
1,186,27.5
2,186,4.36269105527737e-18
1,187,39.9
2,187,1.7508442469549e-18
1,188,0
2,188,0
1,189,0
2,189,0
1,190,1
2,190,0
1,191,2.42857142857143
2,191,4.83736281381419e-18
1,192,5.2
2,192,2.54224097765444e-18
1,193,0
2,193,0
1,194,0
2,194,0
1,195,0
2,195,0
1,196,2.77777777777778
2,196,2.37288157076958e-18
1,197,0
2,197,0
1,198,0
2,198,0
1,199,5.7
2,199,3.658677991425e-18
1,200,7.66666666666667
2,200,5.56389236064396e-18
1,201,7.8
2,201,6.53952271253643e-18
1,202,11.1
2,202,4.30278598526678e-18
1,203,21.1
2,203,5.30835519495189e-18
1,204,4.1
2,204,4.43408558903708e-18
1,205,3.2
2,205,1.29438726108709e-17
1,206,0
2,206,0
1,207,0
2,207,0
1,208,0
2,208,0
1,209,0
2,209,0
1,210,1
2,210,2.37159757164934e-18
1,211,0
2,211,0
1,212,1.75
2,212,3.73163865750343e-18
1,213,2.75
2,213,6.04420329116861e-18
1,214,0
2,214,0
1,215,0
2,215,0
1,216,0
2,216,0
1,217,4.1
2,217,4.79831170588611e-18
1,218,8.4
2,218,4.27949054174096e-18
1,219,7.1
2,219,5.66415228309484e-18
1,220,8.6
2,220,7.25531910248584e-18
1,221,0
2,221,0
1,222,0
2,222,0
1,223,0
2,223,0
1,224,0
2,224,0
1,225,0
2,225,0
1,226,0
2,226,0
1,227,0
2,227,0
1,228,0
2,228,0
1,229,0
2,229,0
1,230,0
2,230,0
1,231,0
2,231,0
1,232,2
2,232,7.32077312796155e-18
1,233,23.2
2,233,8.47087265988112e-18
1,234,0
2,234,0
1,235,0
2,235,0
1,236,0
2,236,0
1,237,0
2,237,0
1,238,0
2,238,0
1,239,0
2,239,0
1,240,0
2,240,0
1,241,0
2,241,0
1,242,0
2,242,0
1,243,0
2,243,0
1,244,69.2
2,244,7.93964730175051e-18
1,245,0
2,245,0
1,246,0
2,246,0
1,247,0
2,247,0
1,248,0
2,248,0
1,249,0
2,249,0
1,250,0
2,250,0
1,251,0
2,251,0
1,252,0
2,252,0
1,253,0
2,253,0
1,254,18.2
2,254,3.38805538079404e-18
1,255,0
2,255,0
1,256,0
2,256,0
1,257,0
2,257,0
1,258,0
2,258,0
1,259,0
2,259,0
1,260,0
2,260,0
1,261,0
2,261,0
1,262,0
2,262,0
1,263,15.4
2,263,3.17889875904011e-18
1,264,0
2,264,0
1,265,0
2,265,0
1,266,0
2,266,0
1,267,0
2,267,0
1,268,0
2,268,0
1,269,0
2,269,0
1,270,0
2,270,0
1,271,0
2,271,0
1,272,0
2,272,0
1,273,0
2,273,0
1,274,0
2,274,0
1,275,0
2,275,0
1,276,0
2,276,0
1,277,2.625
2,277,7.49137178024518e-18
1,278,0
2,278,0
1,279,0
2,279,0
1,280,0
2,280,0
1,281,0
2,281,0
1,282,0
2,282,0
1,283,0
2,283,0
1,284,0
2,284,0
1,285,0
2,285,0
1,286,0
2,286,0
1,287,0
2,287,0
1,288,0
2,288,0
1,289,0
2,289,0
1,290,0
2,290,0
1,291,0
2,291,0
1,292,0
2,292,0
1,293,0
2,293,0
1,294,0
2,294,0
1,295,0
2,295,0
1,296,0
2,296,0
1,297,0
2,297,0
1,298,0
2,298,0
1,299,0
2,299,0
1,300,0
2,300,0
1,301,34.6
2,301,3.08948509141722e-18
1,302,0
2,302,0
1,303,0
2,303,0
1,304,0
2,304,0
1,305,0
2,305,0
1,306,0
2,306,0
1,307,0
2,307,0
1,308,0
2,308,0
1,309,0
2,309,0
1,310,0
2,310,0
1,311,0
2,311,0
1,312,0
2,312,0
1,313,2.875
2,313,1.61932954088441e-16
1,314,33.2
2,314,2.00118586766942e-18
1,315,0
2,315,0
1,316,0
2,316,0
1,317,0
2,317,0
1,318,0
2,318,0
1,319,0
2,319,0
1,320,0
2,320,0
1,321,0
2,321,0
1,322,0
2,322,0
1,323,0
2,323,0
1,324,9.3
2,324,1.0897550736891e-16
1,325,0
2,325,0
1,326,0
2,326,0
1,327,0
2,327,0
1,328,0
2,328,0
1,329,0
2,329,0
1,330,0
2,330,0
1,331,0
2,331,0
1,332,0
2,332,0
1,333,0
2,333,0
1,334,0
2,334,0
1,335,0
2,335,0
1,336,4.5
2,336,8.76038502860732e-15
1,337,0
2,337,0
1,338,0
2,338,0
1,339,0
2,339,0
1,340,0
2,340,0
1,341,0
2,341,0
1,342,0
2,342,0
1,343,0
2,343,0
1,344,0
2,344,0
1,345,0
2,345,0
1,346,0
2,346,0
1,347,0
2,347,0
1,348,0
2,348,0
1,349,1.875
2,349,1.73971672942999e-16
1,350,1
2,350,6.10874047618719e-05
1,351,0
2,351,0
1,352,0
2,352,0
1,353,0
2,353,0
1,354,0
2,354,0
1,355,0
2,355,0
1,356,0
2,356,0
1,357,0
2,357,0
1,358,0
2,358,0
1,359,0
2,359,0
1,360,0
2,360,0
1,361,0
2,361,0
1,362,0
2,362,0
1,363,0
2,363,0
1,364,0
2,364,0
1,365,0
2,365,0
1,366,0
2,366,0
1,367,0
2,367,0
1,368,0
2,368,0
1,369,0
2,369,0
1,370,0
2,370,0
1,371,0
2,371,0
1,372,0
2,372,0
1,373,0
2,373,0
1,374,0
2,374,0
1,375,30.5
2,375,2.54356073589538e-16
1,376,9.5
2,376,8.49472619687545e-05
1,377,7
2,377,0.000274104289589262
1,378,0
2,378,0
1,379,0
2,379,0
1,380,0
2,380,0
1,381,0
2,381,0
1,382,0
2,382,0
1,383,0
2,383,0
1,384,0
2,384,0
1,385,0
2,385,0
1,386,0
2,386,0
1,387,0
2,387,0
1,388,0
2,388,0
1,389,0
2,389,0
1,390,46.7
2,390,1.37390010382684e-14
1,391,1.75
2,391,2.04370273606922e-05
1,392,0
2,392,0
1,393,0
2,393,0
1,394,0
2,394,0
1,395,0
2,395,0
1,396,0
2,396,0
1,397,0
2,397,0
1,398,0
2,398,0
1,399,0
2,399,0
1,400,0
2,400,0
1,401,0
2,401,0
1,402,0
2,402,0
1,403,2.5
2,403,2.77164586138483e-14
1,404,0
2,404,0
1,405,0
2,405,0
1,406,0
2,406,0
1,407,0
2,407,0
1,408,0
2,408,0
1,409,0
2,409,0
1,410,0
2,410,0
1,411,0
2,411,0
1,412,0
2,412,0
1,413,0
2,413,0
1,414,0
2,414,0
1,415,0
2,415,0
1,416,19.9
2,416,1.97759810456871e-11
1,417,1.2
2,417,2.22457771941127e-14
1,418,50.5
2,418,2.98205954922918e-14
1,419,1
2,419,3.15283260511854e-05
1,420,0
2,420,0
1,421,0
2,421,0
1,422,0
2,422,0
1,423,0
2,423,0
1,424,0
2,424,0
1,425,0
2,425,0
1,426,0
2,426,0
1,427,0
2,427,0
1,428,0
2,428,0
1,429,0
2,429,0
1,430,0
2,430,0
1,431,0
2,431,0
1,432,105.6
2,432,2.42921564326546e-18
1,433,0
2,433,0
1,434,0
2,434,0
1,435,0
2,435,0
1,436,0
2,436,0
1,437,0
2,437,0
1,438,0
2,438,0
1,439,0
2,439,0
1,440,0
2,440,0
1,441,1.5
2,441,8.90579285005709e-08
1,442,0
2,442,0
1,443,45.5
2,443,5.88599357706702e-10
1,444,0
2,444,0
1,445,0
2,445,0
1,446,0
2,446,0
1,447,0
2,447,0
1,448,0
2,448,0
1,449,0
2,449,0
1,450,0
2,450,0
1,451,0
2,451,0
1,452,3.77777777777778
2,452,7.41897412253524e-08
1,453,8
2,453,1.13196035004221e-10
1,454,19.5
2,454,0.00308912337243202
1,455,0
2,455,0
1,456,0
2,456,0
1,457,0
2,457,0
1,458,0
2,458,0
1,459,0
2,459,0
1,460,0
2,460,0
1,461,0
2,461,0
1,462,0
2,462,0
1,463,1.5
2,463,3.92915251969692e-08
1,464,66.2
2,464,5.114805056042e-09
1,465,2.5
2,465,0.00654642515467887
1,466,13.7
2,466,0.00490123009404831
1,467,0
2,467,0
1,468,0
2,468,0
1,469,0
2,469,0
1,470,0
2,470,0
1,471,0
2,471,0
1,472,0
2,472,0
1,473,0
2,473,0
1,474,0
2,474,0
1,475,0
2,475,0
1,476,0
2,476,0
1,477,13.7
2,477,6.8789885330937e-09
1,478,72.1
2,478,3.53087277651461e-09
1,479,278
2,479,3.67591618988726e-17
1,480,65
2,480,0.00849875407455727
1,481,2.375
2,481,0.0049700892179888
1,482,0
2,482,0
1,483,0
2,483,0
1,484,0
2,484,0
1,485,0
2,485,0
1,486,0
2,486,0
1,487,0
2,487,0
1,488,0
2,488,0
1,489,0
2,489,0
1,490,0
2,490,0
1,491,0
2,491,0
1,492,7.3
2,492,3.38095964113782e-09
1,493,87.1
2,493,0.01608291567363
1,494,20.1
2,494,0.0132053658815471
1,495,0
2,495,0
1,496,0
2,496,0
1,497,0
2,497,0
1,498,0
2,498,0
1,499,0
2,499,0
1,500,0
2,500,0
1,501,0
2,501,0
1,502,0
2,502,0
1,503,0
2,503,0
1,504,0
2,504,0
1,505,2
2,505,4.68023787085571e-10
1,506,20.4
2,506,0.0213190991062667
1,507,6
2,507,0.012944445449604
1,508,0
2,508,0
1,509,0
2,509,0
1,510,0
2,510,0
1,511,0
2,511,0
1,512,0
2,512,0
1,513,0
2,513,0
1,514,0
2,514,0
1,515,0
2,515,0
1,516,0
2,516,0
1,517,2.5
2,517,5.21399761218092e-08
1,518,31.9
2,518,1.35517853612907e-08
1,519,0
2,519,0
1,520,26.9
2,520,0.0551347063429777
1,521,13.3
2,521,0.0180293337921505
1,522,0
2,522,0
1,523,0
2,523,0
1,524,0
2,524,0
1,525,0
2,525,0
1,526,0
2,526,0
1,527,0
2,527,0
1,528,0
2,528,0
1,529,0
2,529,0
1,530,0
2,530,0
1,531,2.66666666666667
2,531,1.56669756628454e-06
1,532,41.1
2,532,7.91560591281478e-09
1,533,0
2,533,0
1,534,47
2,534,0.0206852607215104
1,535,7.9
2,535,0.00914024714885961
1,536,0
2,536,0
1,537,0
2,537,0
1,538,0
2,538,0
1,539,0
2,539,0
1,540,0
2,540,0
1,541,0
2,541,0
1,542,0
2,542,0
1,543,43.8
2,543,4.91437653187031e-05
1,544,7.4
2,544,5.52547585765768e-06
1,545,31.5
2,545,1.67971182696375e-07
1,546,1548.7
2,546,0.257071615318261
1,547,82.5
2,547,0.0542405638401757
1,548,24.8
2,548,0.00945541653501229
1,549,0
2,549,0
1,550,0
2,550,0
1,551,0
2,551,0
1,552,0
2,552,0
1,553,0
2,553,0
1,554,0
2,554,0
1,555,15
2,555,0.000186865994414687
1,556,91.2
2,556,0.000171171883703918
1,557,164.8
2,557,6.82745486906894e-08
1,558,386.5
2,558,0.213322124208214
1,559,207.2
2,559,0.117253467539736
1,560,27.5
2,560,0.0151675024353676
1,561,5
2,561,0.00475590195934114
1,562,0
2,562,0
1,563,0
2,563,0
1,564,0
2,564,0
1,565,0
2,565,0
1,566,0
2,566,0
1,567,25.9
2,567,0.000110531368683177
1,568,111.4
2,568,9.77925435687893e-05
1,569,258.4
2,569,2.32340395847732e-07
1,570,1016.8
2,570,3.96635762564802e-09
1,571,0
2,571,0
1,572,160.4
2,572,0.127834728527953
1,573,58.1
2,573,0.0240926571488059
1,574,21.1
2,574,0.00417652510097287
1,575,0
2,575,0
1,576,0
2,576,0
1,577,0
2,577,0
1,578,0
2,578,0
1,579,0
2,579,0
1,580,25
2,580,0.000144605820810426
1,581,102.7
2,581,5.61488282530779e-18
1,582,0
2,582,0
1,583,85.2
2,583,9.90692408432329e-08
1,584,529.8
2,584,0.441488470632205
1,585,104.8
2,585,0.0556551345601143
1,586,23.8
2,586,0.0100211950171072
1,587,31.2
2,587,0.00387847467594769
1,588,0
2,588,0
1,589,0
2,589,0
1,590,0
2,590,0
1,591,1.5
2,591,0.00154093388483948
1,592,10.9
2,592,0.000213004762146319
1,593,180
2,593,6.39028616490066e-18
1,594,127.3
2,594,0.216862261304142
1,595,72.7
2,595,0.0449291965852516
1,596,71.4
2,596,0.0113661929834225
1,597,0
2,597,0
1,598,0
2,598,0
1,599,0
2,599,0
1,600,0
2,600,0
1,601,10.3
2,601,0.000142402763742068
1,602,1030.9
2,602,0.928291031769856
1,603,144.8
2,603,0.178867247740263
1,604,76
2,604,0.0391165869027328
1,605,69.1
2,605,0.0207108821533641
1,606,0
2,606,0
1,607,0
2,607,0
1,608,0
2,608,0
1,609,0
2,609,0
1,610,31.5
2,610,1.94057066521896e-06
1,611,1259.1
2,611,6.42371358457361e-05
1,612,493.9
2,612,0.642118347301878
1,613,125.3
2,613,0.147834116926191
1,614,57.2
2,614,0.0513148471573059
1,615,3.44444444444444
2,615,0.0307367933075085
1,616,0
2,616,0
1,617,0
2,617,0
1,618,0
2,618,0
1,619,64.8
2,619,0.000428290968191673
1,620,215.1
2,620,0.000121893904229885
1,621,19.7
2,621,2.07278295188849e-06
1,622,211.7
2,622,0.49682142174419
1,623,130.7
2,623,0.170045513671123
1,624,40.9
2,624,0.0728796387834783
1,625,0
2,625,0
1,626,0
2,626,0
1,627,0
2,627,0
1,628,2.16666666666667
2,628,0.000851328019001219
1,629,12.5
2,629,2.53269476367553e-05
1,630,340
2,630,0.43965902316861
1,631,173
2,631,0.447661775735928
1,632,63.9
2,632,0.191672942238053
1,633,0
2,633,0
1,634,0
2,634,0
1,635,0
2,635,0
1,636,3.11111111111111
2,636,0.000543984230126832
1,637,1
2,637,2.42702880121041e-05
1,638,400.7
2,638,0.315768362403242
1,639,56.4
2,639,0.392721223059986
1,640,2.44444444444444
2,640,0.159979645415579
1,641,0
2,641,0
1,642,0
2,642,0
1,643,0
2,643,0
1,644,0
2,644,0
1,645,39
2,645,4.69107489833801e-05
1,646,72.1
2,646,0.269646197188057
1,647,4
2,647,0.225109047702119
1,648,0
2,648,0
1,649,0
2,649,0
1,650,0
2,650,0
1,651,13.3333333333333
2,651,0.000847766358233922
1,652,0
2,652,0
1,653,7.55555555555556
2,653,6.87657538665524e-05
1,654,17.5
2,654,0.0101935648808328
1,655,30.3
2,655,0.0140321707571916
1,656,3.66666666666667
2,656,0.0111061188184504
1,657,5.66666666666667
2,657,0.0126194483658201
1,658,3.125
2,658,0.129351661943949
1,659,0
2,659,0
1,660,0
2,660,0
1,661,0
2,661,0
1,662,12.2
2,662,0.0045446052952308
1,663,12.7
2,663,8.89610516749048e-05
1,664,11
2,664,6.92965842960092e-05
1,665,0
2,665,0
1,666,3.71428571428571
2,666,8.2389012058071e-05
1,667,3.25
2,667,0.00178055081650273
1,668,20.5
2,668,0.00399961757574941
1,669,0
2,669,0
1,670,0
2,670,0
1,671,0
2,671,0
1,672,0
2,672,0
1,673,0
2,673,0
1,674,0
2,674,0
1,675,6.1
2,675,0.0315844197105692
1,676,2.25
2,676,0.0705899753860295
1,677,0
2,677,0
1,678,0
2,678,0
1,679,8.4
2,679,0.0123794973211118
1,680,41.8
2,680,0.00128964115543252
1,681,18.8
2,681,0.000107257737360292
1,682,0
2,682,0
1,683,0
2,683,0
1,684,0
2,684,0
1,685,0
2,685,0
1,686,0
2,686,0
1,687,0
2,687,0
1,688,0
2,688,0
1,689,0
2,689,0
1,690,1.5
2,690,0.0367476025451895
1,691,0
2,691,0
1,692,0
2,692,0
1,693,0
2,693,0
1,694,16.7
2,694,0.00848313905882547
1,695,45.3
2,695,0.0040507457233039
1,696,137.5
2,696,0.00254026559558159
1,697,0
2,697,0
1,698,0
2,698,0
1,699,0
2,699,0
1,700,0
2,700,0
1,701,0
2,701,0
1,702,0
2,702,0
1,703,0
2,703,0
1,704,0
2,704,0
1,705,0
2,705,0
1,706,3.57142857142857
2,706,0.00810838169850408
1,707,73.4
2,707,0.00254769708362475
1,708,0
2,708,0
1,709,0
2,709,0
1,710,0
2,710,0
1,711,0
2,711,0
1,712,0
2,712,0
1,713,6.1
2,713,0.0109387892125519
1,714,29.1
2,714,0.00203872425013154
1,715,97.8
2,715,0.00271378400150385
1,716,0
2,716,0
1,717,0
2,717,0
1,718,0
2,718,0
1,719,0
2,719,0
1,720,0
2,720,0
1,721,0
2,721,0
1,722,0
2,722,0
1,723,0
2,723,0
1,724,0
2,724,0
1,725,0
2,725,0
1,726,0
2,726,0
1,727,0
2,727,0
1,728,0
2,728,0
1,729,0
2,729,0
1,730,0
2,730,0
1,731,402.1
2,731,9.75458831964781e-05
